1,2,3,4,5,6,7
1,151,91,1_10_cell_photo.jpg,360,360,C:\Users\Администратор\Desktop\ML\foto\1\0605\1_10_cell_photo.jpg
2,189,294,1_10_cell_photo.jpg,360,360,C:\Users\Администратор\Desktop\ML\foto\1\0605\1_10_cell_photo.jpg
3,30,3,1_10_cell_photo.jpg,360,360,C:\Users\Администратор\Desktop\ML\foto\1\0605\1_10_cell_photo.jpg
1,183,178,1_11_cell_photo.jpg,360,360,C:\Users\Администратор\Desktop\ML\foto\1\0605\1_11_cell_photo.jpg
1,164,179,1_12_cell_photo.jpg,360,360,C:\Users\Администратор\Desktop\ML\foto\1\0605\1_12_cell_photo.jpg
1,71,160,1_13_cell_photo.jpg,360,360,C:\Users\Администратор\Desktop\ML\foto\1\0605\1_13_cell_photo.jpg
2,42,92,1_13_cell_photo.jpg,360,360,C:\Users\Администратор\Desktop\ML\foto\1\0605\1_13_cell_photo.jpg
3,27,230,1_13_cell_photo.jpg,360,360,C:\Users\Администратор\Desktop\ML\foto\1\0605\1_13_cell_photo.jpg
1,144,115,1_14_cell_photo.jpg,360,360,C:\Users\Администратор\Desktop\ML\foto\1\0605\1_14_cell_photo.jpg
2,9,138,1_14_cell_photo.jpg,360,360,C:\Users\Администратор\Desktop\ML\foto\1\0605\1_14_cell_photo.jpg
3,286,89,1_14_cell_photo.jpg,360,360,C:\Users\Администратор\Desktop\ML\foto\1\0605\1_14_cell_photo.jpg
1,252,178,1_15_cell_photo.jpg,360,360,C:\Users\Администратор\Desktop\ML\foto\1\0605\1_15_cell_photo.jpg
2,291,80,1_15_cell_photo.jpg,360,360,C:\Users\Администратор\Desktop\ML\foto\1\0605\1_15_cell_photo.jpg
3,186,193,1_15_cell_photo.jpg,360,360,C:\Users\Администратор\Desktop\ML\foto\1\0605\1_15_cell_photo.jpg
1,110,260,1_16_cell_photo.jpg,360,360,C:\Users\Администратор\Desktop\ML\foto\1\0605\1_16_cell_photo.jpg
2,102,151,1_16_cell_photo.jpg,360,360,C:\Users\Администратор\Desktop\ML\foto\1\0605\1_16_cell_photo.jpg
3,13,342,1_16_cell_photo.jpg,360,360,C:\Users\Администратор\Desktop\ML\foto\1\0605\1_16_cell_photo.jpg
1,170,176,1_17_cell_photo.jpg,360,360,C:\Users\Администратор\Desktop\ML\foto\1\0605\1_17_cell_photo.jpg
1,130,192,1_18_cell_photo.jpg,360,360,C:\Users\Администратор\Desktop\ML\foto\1\0605\1_18_cell_photo.jpg
2,256,118,1_18_cell_photo.jpg,360,360,C:\Users\Администратор\Desktop\ML\foto\1\0605\1_18_cell_photo.jpg
3,7,252,1_18_cell_photo.jpg,360,360,C:\Users\Администратор\Desktop\ML\foto\1\0605\1_18_cell_photo.jpg
1,273,191,1_19_cell_photo.jpg,360,360,C:\Users\Администратор\Desktop\ML\foto\1\0605\1_19_cell_photo.jpg
2,265,154,1_19_cell_photo.jpg,360,360,C:\Users\Администратор\Desktop\ML\foto\1\0605\1_19_cell_photo.jpg
3,203,230,1_19_cell_photo.jpg,360,360,C:\Users\Администратор\Desktop\ML\foto\1\0605\1_19_cell_photo.jpg
1,85,197,1_1_cell_photo.jpg,360,360,C:\Users\Администратор\Desktop\ML\foto\1\0605\1_1_cell_photo.jpg
2,32,44,1_1_cell_photo.jpg,360,360,C:\Users\Администратор\Desktop\ML\foto\1\0605\1_1_cell_photo.jpg
3,30,328,1_1_cell_photo.jpg,360,360,C:\Users\Администратор\Desktop\ML\foto\1\0605\1_1_cell_photo.jpg
1,172,51,1_20_cell_photo.jpg,360,360,C:\Users\Администратор\Desktop\ML\foto\1\0605\1_20_cell_photo.jpg
2,239,3,1_20_cell_photo.jpg,360,360,C:\Users\Администратор\Desktop\ML\foto\1\0605\1_20_cell_photo.jpg
3,42,103,1_20_cell_photo.jpg,360,360,C:\Users\Администратор\Desktop\ML\foto\1\0605\1_20_cell_photo.jpg
1,164,175,1_21_cell_photo.jpg,360,360,C:\Users\Администратор\Desktop\ML\foto\1\0605\1_21_cell_photo.jpg
1,47,118,1_22_cell_photo.jpg,360,360,C:\Users\Администратор\Desktop\ML\foto\1\0605\1_22_cell_photo.jpg
1,42,162,1_23_cell_photo.jpg,360,360,C:\Users\Администратор\Desktop\ML\foto\1\0605\1_23_cell_photo.jpg
1,48,162,1_24_cell_photo.jpg,360,360,C:\Users\Администратор\Desktop\ML\foto\1\0605\1_24_cell_photo.jpg
2,61,224,1_24_cell_photo.jpg,360,360,C:\Users\Администратор\Desktop\ML\foto\1\0605\1_24_cell_photo.jpg
1,137,257,1_25_cell_photo.jpg,360,360,C:\Users\Администратор\Desktop\ML\foto\1\0605\1_25_cell_photo.jpg
2,19,213,1_25_cell_photo.jpg,360,360,C:\Users\Администратор\Desktop\ML\foto\1\0605\1_25_cell_photo.jpg
3,228,354,1_25_cell_photo.jpg,360,360,C:\Users\Администратор\Desktop\ML\foto\1\0605\1_25_cell_photo.jpg
1,112,130,1_26_cell_photo.jpg,360,360,C:\Users\Администратор\Desktop\ML\foto\1\0605\1_26_cell_photo.jpg
2,27,24,1_26_cell_photo.jpg,360,360,C:\Users\Администратор\Desktop\ML\foto\1\0605\1_26_cell_photo.jpg
3,120,244,1_26_cell_photo.jpg,360,360,C:\Users\Администратор\Desktop\ML\foto\1\0605\1_26_cell_photo.jpg
1,119,170,1_27_cell_photo.jpg,360,360,C:\Users\Администратор\Desktop\ML\foto\1\0605\1_27_cell_photo.jpg
2,17,87,1_27_cell_photo.jpg,360,360,C:\Users\Администратор\Desktop\ML\foto\1\0605\1_27_cell_photo.jpg
3,114,299,1_27_cell_photo.jpg,360,360,C:\Users\Администратор\Desktop\ML\foto\1\0605\1_27_cell_photo.jpg
1,165,125,1_28_cell_photo.jpg,360,360,C:\Users\Администратор\Desktop\ML\foto\1\0605\1_28_cell_photo.jpg
2,12,60,1_28_cell_photo.jpg,360,360,C:\Users\Администратор\Desktop\ML\foto\1\0605\1_28_cell_photo.jpg
3,228,247,1_28_cell_photo.jpg,360,360,C:\Users\Администратор\Desktop\ML\foto\1\0605\1_28_cell_photo.jpg
1,146,150,1_29_cell_photo.jpg,360,360,C:\Users\Администратор\Desktop\ML\foto\1\0605\1_29_cell_photo.jpg
2,7,219,1_29_cell_photo.jpg,360,360,C:\Users\Администратор\Desktop\ML\foto\1\0605\1_29_cell_photo.jpg
3,151,1,1_29_cell_photo.jpg,360,360,C:\Users\Администратор\Desktop\ML\foto\1\0605\1_29_cell_photo.jpg
1,175,172,1_2_cell_photo.jpg,360,360,C:\Users\Администратор\Desktop\ML\foto\1\0605\1_2_cell_photo.jpg
1,225,96,1_30_cell_photo.jpg,360,360,C:\Users\Администратор\Desktop\ML\foto\1\0605\1_30_cell_photo.jpg
1,158,167,1_31_cell_photo.jpg,360,360,C:\Users\Администратор\Desktop\ML\foto\1\0605\1_31_cell_photo.jpg
2,139,277,1_31_cell_photo.jpg,360,360,C:\Users\Администратор\Desktop\ML\foto\1\0605\1_31_cell_photo.jpg
3,25,141,1_31_cell_photo.jpg,360,360,C:\Users\Администратор\Desktop\ML\foto\1\0605\1_31_cell_photo.jpg
1,167,182,1_32_cell_photo.jpeg,360,360,C:\Users\Администратор\Desktop\ML\foto\1\0605\1_32_cell_photo.jpeg
1,84,131,1_33_cell_photo.jpeg,360,360,C:\Users\Администратор\Desktop\ML\foto\1\0605\1_33_cell_photo.jpeg
2,48,96,1_33_cell_photo.jpeg,360,360,C:\Users\Администратор\Desktop\ML\foto\1\0605\1_33_cell_photo.jpeg
3,37,152,1_33_cell_photo.jpeg,360,360,C:\Users\Администратор\Desktop\ML\foto\1\0605\1_33_cell_photo.jpeg
1,114,173,1_34_cell_photo.jpeg,360,360,C:\Users\Администратор\Desktop\ML\foto\1\0605\1_34_cell_photo.jpeg
2,131,91,1_34_cell_photo.jpeg,360,360,C:\Users\Администратор\Desktop\ML\foto\1\0605\1_34_cell_photo.jpeg
3,44,243,1_34_cell_photo.jpeg,360,360,C:\Users\Администратор\Desktop\ML\foto\1\0605\1_34_cell_photo.jpeg
1,179,178,1_35_cell_photo.jpeg,360,360,C:\Users\Администратор\Desktop\ML\foto\1\0605\1_35_cell_photo.jpeg
1,116,177,1_36_cell_photo.jpeg,360,360,C:\Users\Администратор\Desktop\ML\foto\1\0605\1_36_cell_photo.jpeg
2,135,137,1_36_cell_photo.jpeg,360,360,C:\Users\Администратор\Desktop\ML\foto\1\0605\1_36_cell_photo.jpeg
3,14,227,1_36_cell_photo.jpeg,360,360,C:\Users\Администратор\Desktop\ML\foto\1\0605\1_36_cell_photo.jpeg
1,133,169,1_37_cell_photo.jpeg,360,360,C:\Users\Администратор\Desktop\ML\foto\1\0605\1_37_cell_photo.jpeg
2,8,155,1_37_cell_photo.jpeg,360,360,C:\Users\Администратор\Desktop\ML\foto\1\0605\1_37_cell_photo.jpeg
3,280,273,1_37_cell_photo.jpeg,360,360,C:\Users\Администратор\Desktop\ML\foto\1\0605\1_37_cell_photo.jpeg
1,178,174,1_38_cell_photo.jpeg,360,360,C:\Users\Администратор\Desktop\ML\foto\1\0605\1_38_cell_photo.jpeg
1,178,185,1_39_cell_photo.jpeg,360,360,C:\Users\Администратор\Desktop\ML\foto\1\0605\1_39_cell_photo.jpeg
1,138,177,1_3_cell_photo.jpg,360,360,C:\Users\Администратор\Desktop\ML\foto\1\0605\1_3_cell_photo.jpg
2,35,121,1_3_cell_photo.jpg,360,360,C:\Users\Администратор\Desktop\ML\foto\1\0605\1_3_cell_photo.jpg
3,154,283,1_3_cell_photo.jpg,360,360,C:\Users\Администратор\Desktop\ML\foto\1\0605\1_3_cell_photo.jpg
1,199,180,1_40_cell_photo.jpeg,360,360,C:\Users\Администратор\Desktop\ML\foto\1\0605\1_40_cell_photo.jpeg
2,280,136,1_40_cell_photo.jpeg,360,360,C:\Users\Администратор\Desktop\ML\foto\1\0605\1_40_cell_photo.jpeg
3,65,261,1_40_cell_photo.jpeg,360,360,C:\Users\Администратор\Desktop\ML\foto\1\0605\1_40_cell_photo.jpeg
1,181,177,1_41_cell_photo.jpeg,360,360,C:\Users\Администратор\Desktop\ML\foto\1\0605\1_41_cell_photo.jpeg
1,162,242,1_42_cell_photo.jpeg,360,360,C:\Users\Администратор\Desktop\ML\foto\1\0605\1_42_cell_photo.jpeg
2,46,335,1_42_cell_photo.jpeg,360,360,C:\Users\Администратор\Desktop\ML\foto\1\0605\1_42_cell_photo.jpeg
3,22,176,1_42_cell_photo.jpeg,360,360,C:\Users\Администратор\Desktop\ML\foto\1\0605\1_42_cell_photo.jpeg
1,146,280,1_43_cell_photo.jpeg,360,360,C:\Users\Администратор\Desktop\ML\foto\1\0605\1_43_cell_photo.jpeg
2,285,239,1_43_cell_photo.jpeg,360,360,C:\Users\Администратор\Desktop\ML\foto\1\0605\1_43_cell_photo.jpeg
3,12,296,1_43_cell_photo.jpeg,360,360,C:\Users\Администратор\Desktop\ML\foto\1\0605\1_43_cell_photo.jpeg
1,148,257,1_44_cell_photo.jpeg,360,360,C:\Users\Администратор\Desktop\ML\foto\1\0605\1_44_cell_photo.jpeg
2,20,267,1_44_cell_photo.jpeg,360,360,C:\Users\Администратор\Desktop\ML\foto\1\0605\1_44_cell_photo.jpeg
3,260,329,1_44_cell_photo.jpeg,360,360,C:\Users\Администратор\Desktop\ML\foto\1\0605\1_44_cell_photo.jpeg
1,179,175,1_45_cell_photo.jpeg,360,360,C:\Users\Администратор\Desktop\ML\foto\1\0605\1_45_cell_photo.jpeg
1,157,138,1_46_cell_photo.jpeg,360,360,C:\Users\Администратор\Desktop\ML\foto\1\0605\1_46_cell_photo.jpeg
1,149,222,1_47_cell_photo.jpeg,360,360,C:\Users\Администратор\Desktop\ML\foto\1\0605\1_47_cell_photo.jpeg
2,92,225,1_47_cell_photo.jpeg,360,360,C:\Users\Администратор\Desktop\ML\foto\1\0605\1_47_cell_photo.jpeg
1,159,242,1_48_cell_photo.jpeg,360,360,C:\Users\Администратор\Desktop\ML\foto\1\0605\1_48_cell_photo.jpeg
2,34,227,1_48_cell_photo.jpeg,360,360,C:\Users\Администратор\Desktop\ML\foto\1\0605\1_48_cell_photo.jpeg
3,214,332,1_48_cell_photo.jpeg,360,360,C:\Users\Администратор\Desktop\ML\foto\1\0605\1_48_cell_photo.jpeg
1,140,187,1_49_cell_photo.jpeg,360,360,C:\Users\Администратор\Desktop\ML\foto\1\0605\1_49_cell_photo.jpeg
2,35,128,1_49_cell_photo.jpeg,360,360,C:\Users\Администратор\Desktop\ML\foto\1\0605\1_49_cell_photo.jpeg
3,223,259,1_49_cell_photo.jpeg,360,360,C:\Users\Администратор\Desktop\ML\foto\1\0605\1_49_cell_photo.jpeg
1,76,100,1_4_cell_photo.jpg,360,360,C:\Users\Администратор\Desktop\ML\foto\1\0605\1_4_cell_photo.jpg
2,17,14,1_4_cell_photo.jpg,360,360,C:\Users\Администратор\Desktop\ML\foto\1\0605\1_4_cell_photo.jpg
3,45,193,1_4_cell_photo.jpg,360,360,C:\Users\Администратор\Desktop\ML\foto\1\0605\1_4_cell_photo.jpg
1,260,150,1_50_cell_photo.jpeg,360,360,C:\Users\Администратор\Desktop\ML\foto\1\0605\1_50_cell_photo.jpeg
2,256,19,1_50_cell_photo.jpeg,360,360,C:\Users\Администратор\Desktop\ML\foto\1\0605\1_50_cell_photo.jpeg
3,191,257,1_50_cell_photo.jpeg,360,360,C:\Users\Администратор\Desktop\ML\foto\1\0605\1_50_cell_photo.jpeg
1,156,155,1_5_cell_photo.jpg,360,360,C:\Users\Администратор\Desktop\ML\foto\1\0605\1_5_cell_photo.jpg
2,175,83,1_5_cell_photo.jpg,360,360,C:\Users\Администратор\Desktop\ML\foto\1\0605\1_5_cell_photo.jpg
3,94,220,1_5_cell_photo.jpg,360,360,C:\Users\Администратор\Desktop\ML\foto\1\0605\1_5_cell_photo.jpg
1,65,197,1_6_cell_photo.jpg,360,360,C:\Users\Администратор\Desktop\ML\foto\1\0605\1_6_cell_photo.jpg
1,156,66,1_7_cell_photo.jpg,360,360,C:\Users\Администратор\Desktop\ML\foto\1\0605\1_7_cell_photo.jpg
2,35,7,1_7_cell_photo.jpg,360,360,C:\Users\Администратор\Desktop\ML\foto\1\0605\1_7_cell_photo.jpg
3,290,73,1_7_cell_photo.jpg,360,360,C:\Users\Администратор\Desktop\ML\foto\1\0605\1_7_cell_photo.jpg
1,47,118,1_8_cell_photo.jpg,360,360,C:\Users\Администратор\Desktop\ML\foto\1\0605\1_8_cell_photo.jpg
1,141,66,1_9_cell_photo.jpg,360,360,C:\Users\Администратор\Desktop\ML\foto\1\0605\1_9_cell_photo.jpg
2,10,7,1_9_cell_photo.jpg,360,360,C:\Users\Администратор\Desktop\ML\foto\1\0605\1_9_cell_photo.jpg
3,188,139,1_9_cell_photo.jpg,360,360,C:\Users\Администратор\Desktop\ML\foto\1\0605\1_9_cell_photo.jpg
1,29,152,1_1_cell_photo.jpg,360,360,C:\Users\Администратор\Desktop\ML\foto\1\0705\1_1_cell_photo.jpg
2,10,294,1_1_cell_photo.jpg,360,360,C:\Users\Администратор\Desktop\ML\foto\1\0705\1_1_cell_photo.jpg
3,3,100,1_1_cell_photo.jpg,360,360,C:\Users\Администратор\Desktop\ML\foto\1\0705\1_1_cell_photo.jpg
1,111,187,1_2_cell_photo_cr.jpg,360,360,C:\Users\Администратор\Desktop\ML\foto\1\0705\1_2_cell_photo_cr.jpg
2,39,29,1_2_cell_photo_cr.jpg,360,360,C:\Users\Администратор\Desktop\ML\foto\1\0705\1_2_cell_photo_cr.jpg
3,108,332,1_2_cell_photo_cr.jpg,360,360,C:\Users\Администратор\Desktop\ML\foto\1\0705\1_2_cell_photo_cr.jpg
1,139,173,1_3_cell_photo_cr.jpg,360,360,C:\Users\Администратор\Desktop\ML\foto\1\0705\1_3_cell_photo_cr.jpg
2,19,111,1_3_cell_photo_cr.jpg,360,360,C:\Users\Администратор\Desktop\ML\foto\1\0705\1_3_cell_photo_cr.jpg
3,193,289,1_3_cell_photo_cr.jpg,360,360,C:\Users\Администратор\Desktop\ML\foto\1\0705\1_3_cell_photo_cr.jpg
1,107,162,1_4_cell_photo_cr.jpg,360,360,C:\Users\Администратор\Desktop\ML\foto\1\0705\1_4_cell_photo_cr.jpg
2,34,33,1_4_cell_photo_cr.jpg,360,360,C:\Users\Администратор\Desktop\ML\foto\1\0705\1_4_cell_photo_cr.jpg
3,64,282,1_4_cell_photo_cr.jpg,360,360,C:\Users\Администратор\Desktop\ML\foto\1\0705\1_4_cell_photo_cr.jpg
1,128,164,1_5_cell_photo_cr.jpg,360,360,C:\Users\Администратор\Desktop\ML\foto\1\0705\1_5_cell_photo_cr.jpg
2,104,75,1_5_cell_photo_cr.jpg,360,360,C:\Users\Администратор\Desktop\ML\foto\1\0705\1_5_cell_photo_cr.jpg
3,29,224,1_5_cell_photo_cr.jpg,360,360,C:\Users\Администратор\Desktop\ML\foto\1\0705\1_5_cell_photo_cr.jpg
1,46,198,1_6_cell_photo_cr.jpg,360,360,C:\Users\Администратор\Desktop\ML\foto\1\0705\1_6_cell_photo_cr.jpg
1,129,125,1_7_cell_photo_cr.jpg,360,360,C:\Users\Администратор\Desktop\ML\foto\1\0705\1_7_cell_photo_cr.jpg
2,17,86,1_7_cell_photo_cr.jpg,360,360,C:\Users\Администратор\Desktop\ML\foto\1\0705\1_7_cell_photo_cr.jpg
3,220,141,1_7_cell_photo_cr.jpg,360,360,C:\Users\Администратор\Desktop\ML\foto\1\0705\1_7_cell_photo_cr.jpg
1,74,230,1_8_cell_photo_cr.jpg,360,360,C:\Users\Администратор\Desktop\ML\foto\1\0705\1_8_cell_photo_cr.jpg
1,150,140,1_9_cell_photo_cr.jpg,360,360,C:\Users\Администратор\Desktop\ML\foto\1\0705\1_9_cell_photo_cr.jpg
2,19,56,1_9_cell_photo_cr.jpg,360,360,C:\Users\Администратор\Desktop\ML\foto\1\0705\1_9_cell_photo_cr.jpg
3,181,291,1_9_cell_photo_cr.jpg,360,360,C:\Users\Администратор\Desktop\ML\foto\1\0705\1_9_cell_photo_cr.jpg
1,185,131,1_10_cell_photo_cr.jpg,360,360,C:\Users\Администратор\Desktop\ML\foto\1\0705\1_10_cell_photo_cr.jpg
2,44,37,1_10_cell_photo_cr.jpg,360,360,C:\Users\Администратор\Desktop\ML\foto\1\0705\1_10_cell_photo_cr.jpg
3,304,354,1_10_cell_photo_cr.jpg,360,360,C:\Users\Администратор\Desktop\ML\foto\1\0705\1_10_cell_photo_cr.jpg
1,179,186,1_11_cell_photo_cr.jpg,360,360,C:\Users\Администратор\Desktop\ML\foto\1\0705\1_11_cell_photo_cr.jpg
1,250,126,1_12_cell_photo_cr.jpg,360,360,C:\Users\Администратор\Desktop\ML\foto\1\0705\1_12_cell_photo_cr.jpg
2,253,91,1_12_cell_photo_cr.jpg,360,360,C:\Users\Администратор\Desktop\ML\foto\1\0705\1_12_cell_photo_cr.jpg
3,275,152,1_12_cell_photo_cr.jpg,360,360,C:\Users\Администратор\Desktop\ML\foto\1\0705\1_12_cell_photo_cr.jpg
1,119,167,1_13_cell_photo_cr.jpg,360,360,C:\Users\Администратор\Desktop\ML\foto\1\0705\1_13_cell_photo_cr.jpg
2,191,91,1_13_cell_photo_cr.jpg,360,360,C:\Users\Администратор\Desktop\ML\foto\1\0705\1_13_cell_photo_cr.jpg
3,25,252,1_13_cell_photo_cr.jpg,360,360,C:\Users\Администратор\Desktop\ML\foto\1\0705\1_13_cell_photo_cr.jpg
1,143,144,1_14_cell_photo_cr.jpg,360,360,C:\Users\Администратор\Desktop\ML\foto\1\0705\1_14_cell_photo_cr.jpg
2,193,94,1_14_cell_photo_cr.jpg,360,360,C:\Users\Администратор\Desktop\ML\foto\1\0705\1_14_cell_photo_cr.jpg
3,32,152,1_14_cell_photo_cr.jpg,360,360,C:\Users\Администратор\Desktop\ML\foto\1\0705\1_14_cell_photo_cr.jpg
1,162,167,1_15_cell_photo_cr.jpg,360,360,C:\Users\Администратор\Desktop\ML\foto\1\0705\1_15_cell_photo_cr.jpg
2,166,64,1_15_cell_photo_cr.jpg,360,360,C:\Users\Администратор\Desktop\ML\foto\1\0705\1_15_cell_photo_cr.jpg
3,84,233,1_15_cell_photo_cr.jpg,360,360,C:\Users\Администратор\Desktop\ML\foto\1\0705\1_15_cell_photo_cr.jpg
1,145,217,1_16_cell_photo_cr.jpg,360,360,C:\Users\Администратор\Desktop\ML\foto\1\0705\1_16_cell_photo_cr.jpg
2,214,61,1_16_cell_photo_cr.jpg,360,360,C:\Users\Администратор\Desktop\ML\foto\1\0705\1_16_cell_photo_cr.jpg
3,24,342,1_16_cell_photo_cr.jpg,360,360,C:\Users\Администратор\Desktop\ML\foto\1\0705\1_16_cell_photo_cr.jpg
1,185,168,1_17_cell_photo_cr.jpg,360,360,C:\Users\Администратор\Desktop\ML\foto\1\0705\1_17_cell_photo_cr.jpg
1,153,211,1_18_cell_photo_cr.jpg,360,360,C:\Users\Администратор\Desktop\ML\foto\1\0705\1_18_cell_photo_cr.jpg
2,223,54,1_18_cell_photo_cr.jpg,360,360,C:\Users\Администратор\Desktop\ML\foto\1\0705\1_18_cell_photo_cr.jpg
3,12,284,1_18_cell_photo_cr.jpg,360,360,C:\Users\Администратор\Desktop\ML\foto\1\0705\1_18_cell_photo_cr.jpg
1,247,219,1_19_cell_photo_cr.jpg,360,360,C:\Users\Администратор\Desktop\ML\foto\1\0705\1_19_cell_photo_cr.jpg
2,317,166,1_19_cell_photo_cr.jpg,360,360,C:\Users\Администратор\Desktop\ML\foto\1\0705\1_19_cell_photo_cr.jpg
3,182,287,1_19_cell_photo_cr.jpg,360,360,C:\Users\Администратор\Desktop\ML\foto\1\0705\1_19_cell_photo_cr.jpg
1,150,106,1_20_cell_photo_cr.jpg,360,360,C:\Users\Администратор\Desktop\ML\foto\1\0705\1_20_cell_photo_cr.jpg
2,204,23,1_20_cell_photo_cr.jpg,360,360,C:\Users\Администратор\Desktop\ML\foto\1\0705\1_20_cell_photo_cr.jpg
3,27,114,1_20_cell_photo_cr.jpg,360,360,C:\Users\Администратор\Desktop\ML\foto\1\0705\1_20_cell_photo_cr.jpg
1,163,122,1_21_cell_photo_cr.jpg,360,360,C:\Users\Администратор\Desktop\ML\foto\1\0705\1_21_cell_photo_cr.jpg
2,200,98,1_21_cell_photo_cr.jpg,360,360,C:\Users\Администратор\Desktop\ML\foto\1\0705\1_21_cell_photo_cr.jpg
3,236,118,1_21_cell_photo_cr.jpg,360,360,C:\Users\Администратор\Desktop\ML\foto\1\0705\1_21_cell_photo_cr.jpg
1,52,183,1_22_cell_photo_cr.jpg,360,360,C:\Users\Администратор\Desktop\ML\foto\1\0705\1_22_cell_photo_cr.jpg
2,99,200,1_22_cell_photo_cr.jpg,360,360,C:\Users\Администратор\Desktop\ML\foto\1\0705\1_22_cell_photo_cr.jpg
3,39,74,1_22_cell_photo_cr.jpg,360,360,C:\Users\Администратор\Desktop\ML\foto\1\0705\1_22_cell_photo_cr.jpg
1,64,172,1_23_cell_photo_cr.jpg,360,360,C:\Users\Администратор\Desktop\ML\foto\1\0705\1_23_cell_photo_cr.jpg
1,41,160,1_24_cell_photo_cr.jpg,360,360,C:\Users\Администратор\Desktop\ML\foto\1\0705\1_24_cell_photo_cr.jpg
2,31,234,1_24_cell_photo_cr.jpg,360,360,C:\Users\Администратор\Desktop\ML\foto\1\0705\1_24_cell_photo_cr.jpg
1,138,230,1_25_cell_photo_cr.jpg,360,360,C:\Users\Администратор\Desktop\ML\foto\1\0705\1_25_cell_photo_cr.jpg
2,8,251,1_25_cell_photo_cr.jpg,360,360,C:\Users\Администратор\Desktop\ML\foto\1\0705\1_25_cell_photo_cr.jpg
3,305,302,1_25_cell_photo_cr.jpg,360,360,C:\Users\Администратор\Desktop\ML\foto\1\0705\1_25_cell_photo_cr.jpg
1,171,162,1_26_cell_photo_cr.jpg,360,360,C:\Users\Администратор\Desktop\ML\foto\1\0705\1_26_cell_photo_cr.jpg
2,32,91,1_26_cell_photo_cr.jpg,360,360,C:\Users\Администратор\Desktop\ML\foto\1\0705\1_26_cell_photo_cr.jpg
3,152,279,1_26_cell_photo_cr.jpg,360,360,C:\Users\Администратор\Desktop\ML\foto\1\0705\1_26_cell_photo_cr.jpg
1,117,169,1_27_cell_photo_cr.jpg,360,360,C:\Users\Администратор\Desktop\ML\foto\1\0705\1_27_cell_photo_cr.jpg
2,10,74,1_27_cell_photo_cr.jpg,360,360,C:\Users\Администратор\Desktop\ML\foto\1\0705\1_27_cell_photo_cr.jpg
3,191,297,1_27_cell_photo_cr.jpg,360,360,C:\Users\Администратор\Desktop\ML\foto\1\0705\1_27_cell_photo_cr.jpg
1,181,169,1_28_cell_photo_cr.jpg,360,360,C:\Users\Администратор\Desktop\ML\foto\1\0705\1_28_cell_photo_cr.jpg
2,3,101,1_28_cell_photo_cr.jpg,360,360,C:\Users\Администратор\Desktop\ML\foto\1\0705\1_28_cell_photo_cr.jpg
3,257,314,1_28_cell_photo_cr.jpg,360,360,C:\Users\Администратор\Desktop\ML\foto\1\0705\1_28_cell_photo_cr.jpg
1,188,203,1_29_cell_photo_cr.jpg,360,360,C:\Users\Администратор\Desktop\ML\foto\1\0705\1_29_cell_photo_cr.jpg
2,313,8,1_29_cell_photo_cr.jpg,360,360,C:\Users\Администратор\Desktop\ML\foto\1\0705\1_29_cell_photo_cr.jpg
3,2,307,1_29_cell_photo_cr.jpg,360,360,C:\Users\Администратор\Desktop\ML\foto\1\0705\1_29_cell_photo_cr.jpg
1,213,115,1_30_cell_photo_cr.jpg,360,360,C:\Users\Администратор\Desktop\ML\foto\1\0705\1_30_cell_photo_cr.jpg
1,141,175,1_31_cell_photo_cr.jpg,360,360,C:\Users\Администратор\Desktop\ML\foto\1\0705\1_31_cell_photo_cr.jpg
2,30,80,1_31_cell_photo_cr.jpg,360,360,C:\Users\Администратор\Desktop\ML\foto\1\0705\1_31_cell_photo_cr.jpg
3,246,269,1_31_cell_photo_cr.jpg,360,360,C:\Users\Администратор\Desktop\ML\foto\1\0705\1_31_cell_photo_cr.jpg
1,128,177,1_32_cell_photo_cr.jpg,360,360,C:\Users\Администратор\Desktop\ML\foto\1\0705\1_32_cell_photo_cr.jpg
2,24,79,1_32_cell_photo_cr.jpg,360,360,C:\Users\Администратор\Desktop\ML\foto\1\0705\1_32_cell_photo_cr.jpg
3,235,274,1_32_cell_photo_cr.jpg,360,360,C:\Users\Администратор\Desktop\ML\foto\1\0705\1_32_cell_photo_cr.jpg
1,116,144,1_33_cell_photo_cr.jpg,360,360,C:\Users\Администратор\Desktop\ML\foto\1\0705\1_33_cell_photo_cr.jpg
2,191,75,1_33_cell_photo_cr.jpg,360,360,C:\Users\Администратор\Desktop\ML\foto\1\0705\1_33_cell_photo_cr.jpg
3,30,201,1_33_cell_photo_cr.jpg,360,360,C:\Users\Администратор\Desktop\ML\foto\1\0705\1_33_cell_photo_cr.jpg
1,100,196,1_34_cell_photo_cr.jpg,360,360,C:\Users\Администратор\Desktop\ML\foto\1\0705\1_34_cell_photo_cr.jpg
2,72,96,1_34_cell_photo_cr.jpg,360,360,C:\Users\Администратор\Desktop\ML\foto\1\0705\1_34_cell_photo_cr.jpg
3,56,269,1_34_cell_photo_cr.jpg,360,360,C:\Users\Администратор\Desktop\ML\foto\1\0705\1_34_cell_photo_cr.jpg
1,50,199,1_35_cell_photo_cr.jpg,360,360,C:\Users\Администратор\Desktop\ML\foto\1\0705\1_35_cell_photo_cr.jpg
1,153,190,1_36_cell_photo_cr.jpg,360,360,C:\Users\Администратор\Desktop\ML\foto\1\0705\1_36_cell_photo_cr.jpg
2,263,134,1_36_cell_photo_cr.jpg,360,360,C:\Users\Администратор\Desktop\ML\foto\1\0705\1_36_cell_photo_cr.jpg
3,14,239,1_36_cell_photo_cr.jpg,360,360,C:\Users\Администратор\Desktop\ML\foto\1\0705\1_36_cell_photo_cr.jpg
1,195,128,1_37_cell_photo_cr.jpg,360,360,C:\Users\Администратор\Desktop\ML\foto\1\0705\1_37_cell_photo_cr.jpg
2,355,297,1_37_cell_photo_cr.jpg,360,360,C:\Users\Администратор\Desktop\ML\foto\1\0705\1_37_cell_photo_cr.jpg
3,2,116,1_37_cell_photo_cr.jpg,360,360,C:\Users\Администратор\Desktop\ML\foto\1\0705\1_37_cell_photo_cr.jpg
1,179,195,1_38_cell_photo_cr.jpg,360,360,C:\Users\Администратор\Desktop\ML\foto\1\0705\1_38_cell_photo_cr.jpg
2,180,151,1_38_cell_photo_cr.jpg,360,360,C:\Users\Администратор\Desktop\ML\foto\1\0705\1_38_cell_photo_cr.jpg
3,151,236,1_38_cell_photo_cr.jpg,360,360,C:\Users\Администратор\Desktop\ML\foto\1\0705\1_38_cell_photo_cr.jpg
1,168,182,1_39_cell_photo_cr.jpg,360,360,C:\Users\Администратор\Desktop\ML\foto\1\0705\1_39_cell_photo_cr.jpg
1,168,209,1_40_cell_photo_cr.jpg,360,360,C:\Users\Администратор\Desktop\ML\foto\1\0705\1_40_cell_photo_cr.jpg
2,308,109,1_40_cell_photo_cr.jpg,360,360,C:\Users\Администратор\Desktop\ML\foto\1\0705\1_40_cell_photo_cr.jpg
3,59,337,1_40_cell_photo_cr.jpg,360,360,C:\Users\Администратор\Desktop\ML\foto\1\0705\1_40_cell_photo_cr.jpg
1,215,230,1_41_cell_photo_cr.jpg,360,360,C:\Users\Администратор\Desktop\ML\foto\1\0705\1_41_cell_photo_cr.jpg
2,271,213,1_41_cell_photo_cr.jpg,360,360,C:\Users\Администратор\Desktop\ML\foto\1\0705\1_41_cell_photo_cr.jpg
3,205,199,1_41_cell_photo_cr.jpg,360,360,C:\Users\Администратор\Desktop\ML\foto\1\0705\1_41_cell_photo_cr.jpg
1,141,200,1_42_cell_photo_cr.jpg,360,360,C:\Users\Администратор\Desktop\ML\foto\1\0705\1_42_cell_photo_cr.jpg
2,214,25,1_42_cell_photo_cr.jpg,360,360,C:\Users\Администратор\Desktop\ML\foto\1\0705\1_42_cell_photo_cr.jpg
3,19,342,1_42_cell_photo_cr.jpg,360,360,C:\Users\Администратор\Desktop\ML\foto\1\0705\1_42_cell_photo_cr.jpg
1,95,264,1_43_cell_photo_cr.jpg,360,360,C:\Users\Администратор\Desktop\ML\foto\1\0705\1_43_cell_photo_cr.jpg
2,170,194,1_43_cell_photo_cr.jpg,360,360,C:\Users\Администратор\Desktop\ML\foto\1\0705\1_43_cell_photo_cr.jpg
3,13,269,1_43_cell_photo_cr.jpg,360,360,C:\Users\Администратор\Desktop\ML\foto\1\0705\1_43_cell_photo_cr.jpg
1,106,217,1_44_cell_photo_cr.jpg,360,360,C:\Users\Администратор\Desktop\ML\foto\1\0705\1_44_cell_photo_cr.jpg
2,2,212,1_44_cell_photo_cr.jpg,360,360,C:\Users\Администратор\Desktop\ML\foto\1\0705\1_44_cell_photo_cr.jpg
3,205,285,1_44_cell_photo_cr.jpg,360,360,C:\Users\Администратор\Desktop\ML\foto\1\0705\1_44_cell_photo_cr.jpg
1,175,192,1_45_cell_photo_cr.jpg,360,360,C:\Users\Администратор\Desktop\ML\foto\1\0705\1_45_cell_photo_cr.jpg
1,109,148,1_46_cell_photo_cr.jpg,360,360,C:\Users\Администратор\Desktop\ML\foto\1\0705\1_46_cell_photo_cr.jpg
1,91,234,1_47_cell_photo_cr.jpg,360,360,C:\Users\Администратор\Desktop\ML\foto\1\0705\1_47_cell_photo_cr.jpg
2,56,235,1_47_cell_photo_cr.jpg,360,360,C:\Users\Администратор\Desktop\ML\foto\1\0705\1_47_cell_photo_cr.jpg
3,135,237,1_47_cell_photo_cr.jpg,360,360,C:\Users\Администратор\Desktop\ML\foto\1\0705\1_47_cell_photo_cr.jpg
1,164,229,1_48_cell_photo_cr.jpg,360,360,C:\Users\Администратор\Desktop\ML\foto\1\0705\1_48_cell_photo_cr.jpg
2,23,202,1_48_cell_photo_cr.jpg,360,360,C:\Users\Администратор\Desktop\ML\foto\1\0705\1_48_cell_photo_cr.jpg
3,290,291,1_48_cell_photo_cr.jpg,360,360,C:\Users\Администратор\Desktop\ML\foto\1\0705\1_48_cell_photo_cr.jpg
1,170,194,1_49_cell_photo_cr.jpg,360,360,C:\Users\Администратор\Desktop\ML\foto\1\0705\1_49_cell_photo_cr.jpg
2,25,149,1_49_cell_photo_cr.jpg,360,360,C:\Users\Администратор\Desktop\ML\foto\1\0705\1_49_cell_photo_cr.jpg
3,252,270,1_49_cell_photo_cr.jpg,360,360,C:\Users\Администратор\Desktop\ML\foto\1\0705\1_49_cell_photo_cr.jpg
1,257,163,1_50_cell_photo_cr.jpg,360,360,C:\Users\Администратор\Desktop\ML\foto\1\0705\1_50_cell_photo_cr.jpg
2,282,29,1_50_cell_photo_cr.jpg,360,360,C:\Users\Администратор\Desktop\ML\foto\1\0705\1_50_cell_photo_cr.jpg
3,208,276,1_50_cell_photo_cr.jpg,360,360,C:\Users\Администратор\Desktop\ML\foto\1\0705\1_50_cell_photo_cr.jpg
1,207,190,1_10_cell_photo_cr.jpg,360,360,C:\Users\Администратор\Desktop\ML\foto\1\0805\1_10_cell_photo_cr.jpg
2,151,4,1_10_cell_photo_cr.jpg,360,360,C:\Users\Администратор\Desktop\ML\foto\1\0805\1_10_cell_photo_cr.jpg
3,318,356,1_10_cell_photo_cr.jpg,360,360,C:\Users\Администратор\Desktop\ML\foto\1\0805\1_10_cell_photo_cr.jpg
1,245,150,1_11_cell_photo_cr.jpg,360,360,C:\Users\Администратор\Desktop\ML\foto\1\0805\1_11_cell_photo_cr.jpg
1,337,108,1_12_cell_photo_cr.jpg,360,360,C:\Users\Администратор\Desktop\ML\foto\1\0805\1_12_cell_photo_cr.jpg
2,295,21,1_12_cell_photo_cr.jpg,360,360,C:\Users\Администратор\Desktop\ML\foto\1\0805\1_12_cell_photo_cr.jpg
3,324,182,1_12_cell_photo_cr.jpg,360,360,C:\Users\Администратор\Desktop\ML\foto\1\0805\1_12_cell_photo_cr.jpg
1,141,192,1_13_cell_photo_cr.jpg,360,360,C:\Users\Администратор\Desktop\ML\foto\1\0805\1_13_cell_photo_cr.jpg
2,236,113,1_13_cell_photo_cr.jpg,360,360,C:\Users\Администратор\Desktop\ML\foto\1\0805\1_13_cell_photo_cr.jpg
3,100,339,1_13_cell_photo_cr.jpg,360,360,C:\Users\Администратор\Desktop\ML\foto\1\0805\1_13_cell_photo_cr.jpg
1,173,145,1_14_cell_photo_cr.jpg,360,360,C:\Users\Администратор\Desktop\ML\foto\1\0805\1_14_cell_photo_cr.jpg
2,100,197,1_14_cell_photo_cr.jpg,360,360,C:\Users\Администратор\Desktop\ML\foto\1\0805\1_14_cell_photo_cr.jpg
3,327,139,1_14_cell_photo_cr.jpg,360,360,C:\Users\Администратор\Desktop\ML\foto\1\0805\1_14_cell_photo_cr.jpg
1,276,185,1_15_cell_photo_cr.jpg,360,360,C:\Users\Администратор\Desktop\ML\foto\1\0805\1_15_cell_photo_cr.jpg
2,263,66,1_15_cell_photo_cr.jpg,360,360,C:\Users\Администратор\Desktop\ML\foto\1\0805\1_15_cell_photo_cr.jpg
3,323,243,1_15_cell_photo_cr.jpg,360,360,C:\Users\Администратор\Desktop\ML\foto\1\0805\1_15_cell_photo_cr.jpg
1,177,160,1_16_cell_photo_cr.jpg,360,360,C:\Users\Администратор\Desktop\ML\foto\1\0805\1_16_cell_photo_cr.jpg
2,297,46,1_16_cell_photo_cr.jpg,360,360,C:\Users\Администратор\Desktop\ML\foto\1\0805\1_16_cell_photo_cr.jpg
3,150,357,1_16_cell_photo_cr.jpg,360,360,C:\Users\Администратор\Desktop\ML\foto\1\0805\1_16_cell_photo_cr.jpg
1,181,170,1_17_cell_photo_cr.jpg,360,360,C:\Users\Администратор\Desktop\ML\foto\1\0805\1_17_cell_photo_cr.jpg
1,220,192,1_18_cell_photo_cr.jpg,360,360,C:\Users\Администратор\Desktop\ML\foto\1\0805\1_18_cell_photo_cr.jpg
2,315,86,1_18_cell_photo_cr.jpg,360,360,C:\Users\Администратор\Desktop\ML\foto\1\0805\1_18_cell_photo_cr.jpg
3,158,319,1_18_cell_photo_cr.jpg,360,360,C:\Users\Администратор\Desktop\ML\foto\1\0805\1_18_cell_photo_cr.jpg
1,255,202,1_19_cell_photo_cr.jpg,360,360,C:\Users\Администратор\Desktop\ML\foto\1\0805\1_19_cell_photo_cr.jpg
2,313,151,1_19_cell_photo_cr.jpg,360,360,C:\Users\Администратор\Desktop\ML\foto\1\0805\1_19_cell_photo_cr.jpg
3,255,288,1_19_cell_photo_cr.jpg,360,360,C:\Users\Администратор\Desktop\ML\foto\1\0805\1_19_cell_photo_cr.jpg
1,98,223,1_1_cell_photo_cr.jpg,360,360,C:\Users\Администратор\Desktop\ML\foto\1\0805\1_1_cell_photo_cr.jpg
2,155,57,1_1_cell_photo_cr.jpg,360,360,C:\Users\Администратор\Desktop\ML\foto\1\0805\1_1_cell_photo_cr.jpg
3,182,354,1_1_cell_photo_cr.jpg,360,360,C:\Users\Администратор\Desktop\ML\foto\1\0805\1_1_cell_photo_cr.jpg
1,201,145,1_20_cell_photo_cr.jpg,360,360,C:\Users\Администратор\Desktop\ML\foto\1\0805\1_20_cell_photo_cr.jpg
2,343,92,1_20_cell_photo_cr.jpg,360,360,C:\Users\Администратор\Desktop\ML\foto\1\0805\1_20_cell_photo_cr.jpg
3,72,170,1_20_cell_photo_cr.jpg,360,360,C:\Users\Администратор\Desktop\ML\foto\1\0805\1_20_cell_photo_cr.jpg
1,245,88,1_21_cell_photo_cr.jpg,360,360,C:\Users\Администратор\Desktop\ML\foto\1\0805\1_21_cell_photo_cr.jpg
2,310,37,1_21_cell_photo_cr.jpg,360,360,C:\Users\Администратор\Desktop\ML\foto\1\0805\1_21_cell_photo_cr.jpg
3,188,44,1_21_cell_photo_cr.jpg,360,360,C:\Users\Администратор\Desktop\ML\foto\1\0805\1_21_cell_photo_cr.jpg
1,214,179,1_22_cell_photo_cr.jpg,360,360,C:\Users\Администратор\Desktop\ML\foto\1\0805\1_22_cell_photo_cr.jpg
2,330,274,1_22_cell_photo_cr.jpg,360,360,C:\Users\Администратор\Desktop\ML\foto\1\0805\1_22_cell_photo_cr.jpg
3,293,88,1_22_cell_photo_cr.jpg,360,360,C:\Users\Администратор\Desktop\ML\foto\1\0805\1_22_cell_photo_cr.jpg
1,149,205,1_23_cell_photo_cr.jpg,360,360,C:\Users\Администратор\Desktop\ML\foto\1\0805\1_23_cell_photo_cr.jpg
1,193,172,1_24_cell_photo_cr.jpg,360,360,C:\Users\Администратор\Desktop\ML\foto\1\0805\1_24_cell_photo_cr.jpg
2,239,232,1_24_cell_photo_cr.jpg,360,360,C:\Users\Администратор\Desktop\ML\foto\1\0805\1_24_cell_photo_cr.jpg
1,219,283,1_25_cell_photo_cr.jpg,360,360,C:\Users\Администратор\Desktop\ML\foto\1\0805\1_25_cell_photo_cr.jpg
2,100,291,1_25_cell_photo_cr.jpg,360,360,C:\Users\Администратор\Desktop\ML\foto\1\0805\1_25_cell_photo_cr.jpg
3,350,284,1_25_cell_photo_cr.jpg,360,360,C:\Users\Администратор\Desktop\ML\foto\1\0805\1_25_cell_photo_cr.jpg
1,206,154,1_26_cell_photo_cr.jpg,360,360,C:\Users\Администратор\Desktop\ML\foto\1\0805\1_26_cell_photo_cr.jpg
2,276,33,1_26_cell_photo_cr.jpg,360,360,C:\Users\Администратор\Desktop\ML\foto\1\0805\1_26_cell_photo_cr.jpg
3,233,271,1_26_cell_photo_cr.jpg,360,360,C:\Users\Администратор\Desktop\ML\foto\1\0805\1_26_cell_photo_cr.jpg
1,243,170,1_27_cell_photo_cr.jpg,360,360,C:\Users\Администратор\Desktop\ML\foto\1\0805\1_27_cell_photo_cr.jpg
2,189,43,1_27_cell_photo_cr.jpg,360,360,C:\Users\Администратор\Desktop\ML\foto\1\0805\1_27_cell_photo_cr.jpg
3,305,254,1_27_cell_photo_cr.jpg,360,360,C:\Users\Администратор\Desktop\ML\foto\1\0805\1_27_cell_photo_cr.jpg
1,231,158,1_28_cell_photo_cr.jpg,360,360,C:\Users\Администратор\Desktop\ML\foto\1\0805\1_28_cell_photo_cr.jpg
2,150,64,1_28_cell_photo_cr.jpg,360,360,C:\Users\Администратор\Desktop\ML\foto\1\0805\1_28_cell_photo_cr.jpg
3,340,244,1_28_cell_photo_cr.jpg,360,360,C:\Users\Администратор\Desktop\ML\foto\1\0805\1_28_cell_photo_cr.jpg
1,230,148,1_29_cell_photo_cr.jpg,360,360,C:\Users\Администратор\Desktop\ML\foto\1\0805\1_29_cell_photo_cr.jpg
2,355,45,1_29_cell_photo_cr.jpg,360,360,C:\Users\Администратор\Desktop\ML\foto\1\0805\1_29_cell_photo_cr.jpg
3,148,329,1_29_cell_photo_cr.jpg,360,360,C:\Users\Администратор\Desktop\ML\foto\1\0805\1_29_cell_photo_cr.jpg
1,181,173,1_2_cell_photo_cr.jpg,360,360,C:\Users\Администратор\Desktop\ML\foto\1\0805\1_2_cell_photo_cr.jpg
1,180,162,1_30_cell_photo_cr.jpg,360,360,C:\Users\Администратор\Desktop\ML\foto\1\0805\1_30_cell_photo_cr.jpg
1,193,155,1_31_cell_photo_cr.jpg,360,360,C:\Users\Администратор\Desktop\ML\foto\1\0805\1_31_cell_photo_cr.jpg
2,130,20,1_31_cell_photo_cr.jpg,360,360,C:\Users\Администратор\Desktop\ML\foto\1\0805\1_31_cell_photo_cr.jpg
3,315,229,1_31_cell_photo_cr.jpg,360,360,C:\Users\Администратор\Desktop\ML\foto\1\0805\1_31_cell_photo_cr.jpg
1,310,165,1_32_cell_photo_cr.jpg,360,360,C:\Users\Администратор\Desktop\ML\foto\1\0805\1_32_cell_photo_cr.jpg
2,305,202,1_32_cell_photo_cr.jpg,360,360,C:\Users\Администратор\Desktop\ML\foto\1\0805\1_32_cell_photo_cr.jpg
3,340,199,1_32_cell_photo_cr.jpg,360,360,C:\Users\Администратор\Desktop\ML\foto\1\0805\1_32_cell_photo_cr.jpg
1,188,140,1_33_cell_photo_cr.jpg,360,360,C:\Users\Администратор\Desktop\ML\foto\1\0805\1_33_cell_photo_cr.jpg
2,279,74,1_33_cell_photo_cr.jpg,360,360,C:\Users\Администратор\Desktop\ML\foto\1\0805\1_33_cell_photo_cr.jpg
3,138,234,1_33_cell_photo_cr.jpg,360,360,C:\Users\Администратор\Desktop\ML\foto\1\0805\1_33_cell_photo_cr.jpg
1,211,182,1_34_cell_photo_cr.jpg,360,360,C:\Users\Администратор\Desktop\ML\foto\1\0805\1_34_cell_photo_cr.jpg
2,274,85,1_34_cell_photo_cr.jpg,360,360,C:\Users\Администратор\Desktop\ML\foto\1\0805\1_34_cell_photo_cr.jpg
3,166,285,1_34_cell_photo_cr.jpg,360,360,C:\Users\Администратор\Desktop\ML\foto\1\0805\1_34_cell_photo_cr.jpg
1,50,189,1_35_cell_photo_cr.jpg,360,360,C:\Users\Администратор\Desktop\ML\foto\1\0805\1_35_cell_photo_cr.jpg
1,217,207,1_36_cell_photo_cr.jpg,360,360,C:\Users\Администратор\Desktop\ML\foto\1\0805\1_36_cell_photo_cr.jpg
2,350,167,1_36_cell_photo_cr.jpg,360,360,C:\Users\Администратор\Desktop\ML\foto\1\0805\1_36_cell_photo_cr.jpg
3,167,335,1_36_cell_photo_cr.jpg,360,360,C:\Users\Администратор\Desktop\ML\foto\1\0805\1_36_cell_photo_cr.jpg
1,242,180,1_37_cell_photo_cr.jpg,360,360,C:\Users\Администратор\Desktop\ML\foto\1\0805\1_37_cell_photo_cr.jpg
2,115,98,1_37_cell_photo_cr.jpg,360,360,C:\Users\Администратор\Desktop\ML\foto\1\0805\1_37_cell_photo_cr.jpg
3,344,259,1_37_cell_photo_cr.jpg,360,360,C:\Users\Администратор\Desktop\ML\foto\1\0805\1_37_cell_photo_cr.jpg
1,195,180,1_38_cell_photo_cr.jpg,360,360,C:\Users\Администратор\Desktop\ML\foto\1\0805\1_38_cell_photo_cr.jpg
2,211,139,1_38_cell_photo_cr.jpg,360,360,C:\Users\Администратор\Desktop\ML\foto\1\0805\1_38_cell_photo_cr.jpg
3,175,237,1_38_cell_photo_cr.jpg,360,360,C:\Users\Администратор\Desktop\ML\foto\1\0805\1_38_cell_photo_cr.jpg
1,176,186,1_39_cell_photo_cr.jpg,360,360,C:\Users\Администратор\Desktop\ML\foto\1\0805\1_39_cell_photo_cr.jpg
1,251,178,1_3_cell_photo_cr.jpg,360,360,C:\Users\Администратор\Desktop\ML\foto\1\0805\1_3_cell_photo_cr.jpg
2,243,99,1_3_cell_photo_cr.jpg,360,360,C:\Users\Администратор\Desktop\ML\foto\1\0805\1_3_cell_photo_cr.jpg
3,345,258,1_3_cell_photo_cr.jpg,360,360,C:\Users\Администратор\Desktop\ML\foto\1\0805\1_3_cell_photo_cr.jpg
1,205,149,1_40_cell_photo_cr.jpg,360,360,C:\Users\Администратор\Desktop\ML\foto\1\0805\1_40_cell_photo_cr.jpg
2,340,80,1_40_cell_photo_cr.jpg,360,360,C:\Users\Администратор\Desktop\ML\foto\1\0805\1_40_cell_photo_cr.jpg
3,190,269,1_40_cell_photo_cr.jpg,360,360,C:\Users\Администратор\Desktop\ML\foto\1\0805\1_40_cell_photo_cr.jpg
1,168,214,1_41_cell_photo_cr.jpg,360,360,C:\Users\Администратор\Desktop\ML\foto\1\0805\1_41_cell_photo_cr.jpg
2,81,208,1_41_cell_photo_cr.jpg,360,360,C:\Users\Администратор\Desktop\ML\foto\1\0805\1_41_cell_photo_cr.jpg
3,215,254,1_41_cell_photo_cr.jpg,360,360,C:\Users\Администратор\Desktop\ML\foto\1\0805\1_41_cell_photo_cr.jpg
1,158,162,1_42_cell_photo_cr.jpg,360,360,C:\Users\Администратор\Desktop\ML\foto\1\0805\1_42_cell_photo_cr.jpg
2,323,44,1_42_cell_photo_cr.jpg,360,360,C:\Users\Администратор\Desktop\ML\foto\1\0805\1_42_cell_photo_cr.jpg
3,120,354,1_42_cell_photo_cr.jpg,360,360,C:\Users\Администратор\Desktop\ML\foto\1\0805\1_42_cell_photo_cr.jpg
1,178,223,1_43_cell_photo_cr.jpg,360,360,C:\Users\Администратор\Desktop\ML\foto\1\0805\1_43_cell_photo_cr.jpg
2,289,150,1_43_cell_photo_cr.jpg,360,360,C:\Users\Администратор\Desktop\ML\foto\1\0805\1_43_cell_photo_cr.jpg
3,123,324,1_43_cell_photo_cr.jpg,360,360,C:\Users\Администратор\Desktop\ML\foto\1\0805\1_43_cell_photo_cr.jpg
1,168,261,1_44_cell_photo_cr.jpg,360,360,C:\Users\Администратор\Desktop\ML\foto\1\0805\1_44_cell_photo_cr.jpg
2,99,324,1_44_cell_photo_cr.jpg,360,360,C:\Users\Администратор\Desktop\ML\foto\1\0805\1_44_cell_photo_cr.jpg
3,307,254,1_44_cell_photo_cr.jpg,360,360,C:\Users\Администратор\Desktop\ML\foto\1\0805\1_44_cell_photo_cr.jpg
1,178,192,1_45_cell_photo_cr.jpg,360,360,C:\Users\Администратор\Desktop\ML\foto\1\0805\1_45_cell_photo_cr.jpg
1,223,124,1_46_cell_photo_cr.jpg,360,360,C:\Users\Администратор\Desktop\ML\foto\1\0805\1_46_cell_photo_cr.jpg
1,223,224,1_47_cell_photo_cr.jpg,360,360,C:\Users\Администратор\Desktop\ML\foto\1\0805\1_47_cell_photo_cr.jpg
2,311,225,1_47_cell_photo_cr.jpg,360,360,C:\Users\Администратор\Desktop\ML\foto\1\0805\1_47_cell_photo_cr.jpg
3,187,242,1_47_cell_photo_cr.jpg,360,360,C:\Users\Администратор\Desktop\ML\foto\1\0805\1_47_cell_photo_cr.jpg
1,206,200,1_48_cell_photo_cr.jpg,360,360,C:\Users\Администратор\Desktop\ML\foto\1\0805\1_48_cell_photo_cr.jpg
2,170,58,1_48_cell_photo_cr.jpg,360,360,C:\Users\Администратор\Desktop\ML\foto\1\0805\1_48_cell_photo_cr.jpg
3,310,261,1_48_cell_photo_cr.jpg,360,360,C:\Users\Администратор\Desktop\ML\foto\1\0805\1_48_cell_photo_cr.jpg
1,138,152,1_49_cell_photo_cr.jpg,360,360,C:\Users\Администратор\Desktop\ML\foto\1\0805\1_49_cell_photo_cr.jpg
2,83,23,1_49_cell_photo_cr.jpg,360,360,C:\Users\Администратор\Desktop\ML\foto\1\0805\1_49_cell_photo_cr.jpg
3,223,245,1_49_cell_photo_cr.jpg,360,360,C:\Users\Администратор\Desktop\ML\foto\1\0805\1_49_cell_photo_cr.jpg
1,176,161,1_4_cell_photo_cr.jpg,360,360,C:\Users\Администратор\Desktop\ML\foto\1\0805\1_4_cell_photo_cr.jpg
2,198,11,1_4_cell_photo_cr.jpg,360,360,C:\Users\Администратор\Desktop\ML\foto\1\0805\1_4_cell_photo_cr.jpg
3,208,288,1_4_cell_photo_cr.jpg,360,360,C:\Users\Администратор\Desktop\ML\foto\1\0805\1_4_cell_photo_cr.jpg
1,258,145,1_50_cell_photo_cr.jpg,360,360,C:\Users\Администратор\Desktop\ML\foto\1\0805\1_50_cell_photo_cr.jpg
2,314,19,1_50_cell_photo_cr.jpg,360,360,C:\Users\Администратор\Desktop\ML\foto\1\0805\1_50_cell_photo_cr.jpg
3,270,262,1_50_cell_photo_cr.jpg,360,360,C:\Users\Администратор\Desktop\ML\foto\1\0805\1_50_cell_photo_cr.jpg
1,215,176,1_5_cell_photo_cr.jpg,360,360,C:\Users\Администратор\Desktop\ML\foto\1\0805\1_5_cell_photo_cr.jpg
2,268,80,1_5_cell_photo_cr.jpg,360,360,C:\Users\Администратор\Desktop\ML\foto\1\0805\1_5_cell_photo_cr.jpg
3,218,284,1_5_cell_photo_cr.jpg,360,360,C:\Users\Администратор\Desktop\ML\foto\1\0805\1_5_cell_photo_cr.jpg
1,92,272,1_6_cell_photo_cr.jpg,360,360,C:\Users\Администратор\Desktop\ML\foto\1\0805\1_6_cell_photo_cr.jpg
1,178,120,1_7_cell_photo_cr.jpg,360,360,C:\Users\Администратор\Desktop\ML\foto\1\0805\1_7_cell_photo_cr.jpg
2,70,49,1_7_cell_photo_cr.jpg,360,360,C:\Users\Администратор\Desktop\ML\foto\1\0805\1_7_cell_photo_cr.jpg
3,325,128,1_7_cell_photo_cr.jpg,360,360,C:\Users\Администратор\Desktop\ML\foto\1\0805\1_7_cell_photo_cr.jpg
1,249,213,1_8_cell_photo_cr.jpg,360,360,C:\Users\Администратор\Desktop\ML\foto\1\0805\1_8_cell_photo_cr.jpg
1,238,140,1_9_cell_photo_cr.jpg,360,360,C:\Users\Администратор\Desktop\ML\foto\1\0805\1_9_cell_photo_cr.jpg
2,220,21,1_9_cell_photo_cr.jpg,360,360,C:\Users\Администратор\Desktop\ML\foto\1\0805\1_9_cell_photo_cr.jpg
3,355,239,1_9_cell_photo_cr.jpg,360,360,C:\Users\Администратор\Desktop\ML\foto\1\0805\1_9_cell_photo_cr.jpg
1,93,156,1_1_cell_photo_cr.jpg,360,360,C:\Users\Администратор\Desktop\ML\foto\1\0905\1_1_cell_photo_cr.jpg
1,104,160,1_2_cell_photo_cr.jpg,360,360,C:\Users\Администратор\Desktop\ML\foto\1\0905\1_2_cell_photo_cr.jpg
2,61,111,1_2_cell_photo_cr.jpg,360,360,C:\Users\Администратор\Desktop\ML\foto\1\0905\1_2_cell_photo_cr.jpg
3,56,195,1_2_cell_photo_cr.jpg,360,360,C:\Users\Администратор\Desktop\ML\foto\1\0905\1_2_cell_photo_cr.jpg
1,90,145,1_3_cell_photo_cr.jpg,360,360,C:\Users\Администратор\Desktop\ML\foto\1\0905\1_3_cell_photo_cr.jpg
2,40,108,1_3_cell_photo_cr.jpg,360,360,C:\Users\Администратор\Desktop\ML\foto\1\0905\1_3_cell_photo_cr.jpg
3,20,236,1_3_cell_photo_cr.jpg,360,360,C:\Users\Администратор\Desktop\ML\foto\1\0905\1_3_cell_photo_cr.jpg
1,117,145,1_4_cell_photo_cr.jpg,360,360,C:\Users\Администратор\Desktop\ML\foto\1\0905\1_4_cell_photo_cr.jpg
2,46,35,1_4_cell_photo_cr.jpg,360,360,C:\Users\Администратор\Desktop\ML\foto\1\0905\1_4_cell_photo_cr.jpg
3,69,274,1_4_cell_photo_cr.jpg,360,360,C:\Users\Администратор\Desktop\ML\foto\1\0905\1_4_cell_photo_cr.jpg
1,111,146,1_5_cell_photo_cr.jpg,360,360,C:\Users\Администратор\Desktop\ML\foto\1\0905\1_5_cell_photo_cr.jpg
2,115,47,1_5_cell_photo_cr.jpg,360,360,C:\Users\Администратор\Desktop\ML\foto\1\0905\1_5_cell_photo_cr.jpg
3,22,216,1_5_cell_photo_cr.jpg,360,360,C:\Users\Администратор\Desktop\ML\foto\1\0905\1_5_cell_photo_cr.jpg
1,82,217,1_6_cell_photo_cr.jpg,360,360,C:\Users\Администратор\Desktop\ML\foto\1\0905\1_6_cell_photo_cr.jpg
1,133,125,1_7_cell_photo_cr.jpg,360,360,C:\Users\Администратор\Desktop\ML\foto\1\0905\1_7_cell_photo_cr.jpg
2,20,76,1_7_cell_photo_cr.jpg,360,360,C:\Users\Администратор\Desktop\ML\foto\1\0905\1_7_cell_photo_cr.jpg
3,253,130,1_7_cell_photo_cr.jpg,360,360,C:\Users\Администратор\Desktop\ML\foto\1\0905\1_7_cell_photo_cr.jpg
1,91,193,1_8_cell_photo_cr.jpg,360,360,C:\Users\Администратор\Desktop\ML\foto\1\0905\1_8_cell_photo_cr.jpg
1,126,150,1_9_cell_photo_cr.jpg,360,360,C:\Users\Администратор\Desktop\ML\foto\1\0905\1_9_cell_photo_cr.jpg
2,19,94,1_9_cell_photo_cr.jpg,360,360,C:\Users\Администратор\Desktop\ML\foto\1\0905\1_9_cell_photo_cr.jpg
3,77,289,1_9_cell_photo_cr.jpg,360,360,C:\Users\Администратор\Desktop\ML\foto\1\0905\1_9_cell_photo_cr.jpg
1,11,176,1_10_cell_photo_cr.jpg,360,360,C:\Users\Администратор\Desktop\ML\foto\1\0905\1_10_cell_photo_cr.jpg
1,178,175,1_11_cell_photo_cr.jpg,360,360,C:\Users\Администратор\Desktop\ML\foto\1\0905\1_11_cell_photo_cr.jpg
1,118,133,1_12_cell_photo_cr.jpg,360,360,C:\Users\Администратор\Desktop\ML\foto\1\0905\1_12_cell_photo_cr.jpg
2,26,86,1_12_cell_photo_cr.jpg,360,360,C:\Users\Администратор\Desktop\ML\foto\1\0905\1_12_cell_photo_cr.jpg
3,97,210,1_12_cell_photo_cr.jpg,360,360,C:\Users\Администратор\Desktop\ML\foto\1\0905\1_12_cell_photo_cr.jpg
1,92,175,1_13_cell_photo_cr.jpg,360,360,C:\Users\Администратор\Desktop\ML\foto\1\0905\1_13_cell_photo_cr.jpg
2,22,101,1_13_cell_photo_cr.jpg,360,360,C:\Users\Администратор\Desktop\ML\foto\1\0905\1_13_cell_photo_cr.jpg
3,45,254,1_13_cell_photo_cr.jpg,360,360,C:\Users\Администратор\Desktop\ML\foto\1\0905\1_13_cell_photo_cr.jpg
1,123,147,1_14_cell_photo_cr.jpg,360,360,C:\Users\Администратор\Desktop\ML\foto\1\0905\1_14_cell_photo_cr.jpg
2,83,105,1_14_cell_photo_cr.jpg,360,360,C:\Users\Администратор\Desktop\ML\foto\1\0905\1_14_cell_photo_cr.jpg
3,17,168,1_14_cell_photo_cr.jpg,360,360,C:\Users\Администратор\Desktop\ML\foto\1\0905\1_14_cell_photo_cr.jpg
1,149,148,1_15_cell_photo_cr.jpg,360,360,C:\Users\Администратор\Desktop\ML\foto\1\0905\1_15_cell_photo_cr.jpg
2,125,24,1_15_cell_photo_cr.jpg,360,360,C:\Users\Администратор\Desktop\ML\foto\1\0905\1_15_cell_photo_cr.jpg
3,66,202,1_15_cell_photo_cr.jpg,360,360,C:\Users\Администратор\Desktop\ML\foto\1\0905\1_15_cell_photo_cr.jpg
1,127,237,1_16_cell_photo_cr.jpg,360,360,C:\Users\Администратор\Desktop\ML\foto\1\0905\1_16_cell_photo_cr.jpg
2,27,94,1_16_cell_photo_cr.jpg,360,360,C:\Users\Администратор\Desktop\ML\foto\1\0905\1_16_cell_photo_cr.jpg
3,32,331,1_16_cell_photo_cr.jpg,360,360,C:\Users\Администратор\Desktop\ML\foto\1\0905\1_16_cell_photo_cr.jpg
1,173,178,1_17_cell_photo_cr.jpg,360,360,C:\Users\Администратор\Desktop\ML\foto\1\0905\1_17_cell_photo_cr.jpg
1,59,197,1_18_cell_photo_cr.jpg,360,360,C:\Users\Администратор\Desktop\ML\foto\1\0905\1_18_cell_photo_cr.jpg
2,61,67,1_18_cell_photo_cr.jpg,360,360,C:\Users\Администратор\Desktop\ML\foto\1\0905\1_18_cell_photo_cr.jpg
3,22,249,1_18_cell_photo_cr.jpg,360,360,C:\Users\Администратор\Desktop\ML\foto\1\0905\1_18_cell_photo_cr.jpg
1,211,184,1_19_cell_photo_cr.jpg,360,360,C:\Users\Администратор\Desktop\ML\foto\1\0905\1_19_cell_photo_cr.jpg
2,181,120,1_19_cell_photo_cr.jpg,360,360,C:\Users\Администратор\Desktop\ML\foto\1\0905\1_19_cell_photo_cr.jpg
3,140,242,1_19_cell_photo_cr.jpg,360,360,C:\Users\Администратор\Desktop\ML\foto\1\0905\1_19_cell_photo_cr.jpg
1,91,106,1_20_cell_photo_cr.jpg,360,360,C:\Users\Администратор\Desktop\ML\foto\1\0905\1_20_cell_photo_cr.jpg
2,33,29,1_20_cell_photo_cr.jpg,360,360,C:\Users\Администратор\Desktop\ML\foto\1\0905\1_20_cell_photo_cr.jpg
3,35,145,1_20_cell_photo_cr.jpg,360,360,C:\Users\Администратор\Desktop\ML\foto\1\0905\1_20_cell_photo_cr.jpg
1,92,140,1_21_cell_photo_cr.jpg,360,360,C:\Users\Администратор\Desktop\ML\foto\1\0905\1_21_cell_photo_cr.jpg
2,114,169,1_21_cell_photo_cr.jpg,360,360,C:\Users\Администратор\Desktop\ML\foto\1\0905\1_21_cell_photo_cr.jpg
3,10,144,1_21_cell_photo_cr.jpg,360,360,C:\Users\Администратор\Desktop\ML\foto\1\0905\1_21_cell_photo_cr.jpg
1,141,157,1_22_cell_photo_cr.jpg,360,360,C:\Users\Администратор\Desktop\ML\foto\1\0905\1_22_cell_photo_cr.jpg
2,28,73,1_22_cell_photo_cr.jpg,360,360,C:\Users\Администратор\Desktop\ML\foto\1\0905\1_22_cell_photo_cr.jpg
3,9,267,1_22_cell_photo_cr.jpg,360,360,C:\Users\Администратор\Desktop\ML\foto\1\0905\1_22_cell_photo_cr.jpg
1,57,260,1_23_cell_photo_cr.jpg,360,360,C:\Users\Администратор\Desktop\ML\foto\1\0905\1_23_cell_photo_cr.jpg
1,53,145,1_24_cell_photo_cr.jpg,360,360,C:\Users\Администратор\Desktop\ML\foto\1\0905\1_24_cell_photo_cr.jpg
2,29,217,1_24_cell_photo_cr.jpg,360,360,C:\Users\Администратор\Desktop\ML\foto\1\0905\1_24_cell_photo_cr.jpg
1,178,180,1_25_cell_photo_cr.jpg,360,360,C:\Users\Администратор\Desktop\ML\foto\1\0905\1_25_cell_photo_cr.jpg
2,70,103,1_25_cell_photo_cr.jpg,360,360,C:\Users\Администратор\Desktop\ML\foto\1\0905\1_25_cell_photo_cr.jpg
3,47,343,1_25_cell_photo_cr.jpg,360,360,C:\Users\Администратор\Desktop\ML\foto\1\0905\1_25_cell_photo_cr.jpg
1,131,126,1_26_cell_photo_cr.jpg,360,360,C:\Users\Администратор\Desktop\ML\foto\1\0905\1_26_cell_photo_cr.jpg
2,48,25,1_26_cell_photo_cr.jpg,360,360,C:\Users\Администратор\Desktop\ML\foto\1\0905\1_26_cell_photo_cr.jpg
3,84,230,1_26_cell_photo_cr.jpg,360,360,C:\Users\Администратор\Desktop\ML\foto\1\0905\1_26_cell_photo_cr.jpg
1,82,167,1_27_cell_photo_cr.jpg,360,360,C:\Users\Администратор\Desktop\ML\foto\1\0905\1_27_cell_photo_cr.jpg
2,74,75,1_27_cell_photo_cr.jpg,360,360,C:\Users\Администратор\Desktop\ML\foto\1\0905\1_27_cell_photo_cr.jpg
3,23,320,1_27_cell_photo_cr.jpg,360,360,C:\Users\Администратор\Desktop\ML\foto\1\0905\1_27_cell_photo_cr.jpg
1,113,128,1_28_cell_photo_cr.jpg,360,360,C:\Users\Администратор\Desktop\ML\foto\1\0905\1_28_cell_photo_cr.jpg
2,35,73,1_28_cell_photo_cr.jpg,360,360,C:\Users\Администратор\Desktop\ML\foto\1\0905\1_28_cell_photo_cr.jpg
3,73,231,1_28_cell_photo_cr.jpg,360,360,C:\Users\Администратор\Desktop\ML\foto\1\0905\1_28_cell_photo_cr.jpg
1,158,177,1_29_cell_photo_cr.jpg,360,360,C:\Users\Администратор\Desktop\ML\foto\1\0905\1_29_cell_photo_cr.jpg
2,2,11,1_29_cell_photo_cr.jpg,360,360,C:\Users\Администратор\Desktop\ML\foto\1\0905\1_29_cell_photo_cr.jpg
3,82,279,1_29_cell_photo_cr.jpg,360,360,C:\Users\Администратор\Desktop\ML\foto\1\0905\1_29_cell_photo_cr.jpg
1,223,144,1_30_cell_photo_cr.jpg,360,360,C:\Users\Администратор\Desktop\ML\foto\1\0905\1_30_cell_photo_cr.jpg
1,86,177,1_31_cell_photo_cr.jpg,360,360,C:\Users\Администратор\Desktop\ML\foto\1\0905\1_31_cell_photo_cr.jpg
2,82,83,1_31_cell_photo_cr.jpg,360,360,C:\Users\Администратор\Desktop\ML\foto\1\0905\1_31_cell_photo_cr.jpg
3,14,296,1_31_cell_photo_cr.jpg,360,360,C:\Users\Администратор\Desktop\ML\foto\1\0905\1_31_cell_photo_cr.jpg
1,138,304,1_32_cell_photo_cr.jpg,360,360,C:\Users\Администратор\Desktop\ML\foto\1\0905\1_32_cell_photo_cr.jpg
2,125,346,1_32_cell_photo_cr.jpg,360,360,C:\Users\Администратор\Desktop\ML\foto\1\0905\1_32_cell_photo_cr.jpg
3,105,314,1_32_cell_photo_cr.jpg,360,360,C:\Users\Администратор\Desktop\ML\foto\1\0905\1_32_cell_photo_cr.jpg
1,94,155,1_33_cell_photo_cr.jpg,360,360,C:\Users\Администратор\Desktop\ML\foto\1\0905\1_33_cell_photo_cr.jpg
2,19,71,1_33_cell_photo_cr.jpg,360,360,C:\Users\Администратор\Desktop\ML\foto\1\0905\1_33_cell_photo_cr.jpg
3,84,229,1_33_cell_photo_cr.jpg,360,360,C:\Users\Администратор\Desktop\ML\foto\1\0905\1_33_cell_photo_cr.jpg
1,100,179,1_34_cell_photo_cr.jpg,360,360,C:\Users\Администратор\Desktop\ML\foto\1\0905\1_34_cell_photo_cr.jpg
2,89,59,1_34_cell_photo_cr.jpg,360,360,C:\Users\Администратор\Desktop\ML\foto\1\0905\1_34_cell_photo_cr.jpg
3,47,245,1_34_cell_photo_cr.jpg,360,360,C:\Users\Администратор\Desktop\ML\foto\1\0905\1_34_cell_photo_cr.jpg
1,68,203,1_35_cell_photo_cr.jpg,360,360,C:\Users\Администратор\Desktop\ML\foto\1\0905\1_35_cell_photo_cr.jpg
1,115,203,1_36_cell_photo_cr.jpg,360,360,C:\Users\Администратор\Desktop\ML\foto\1\0905\1_36_cell_photo_cr.jpg
2,52,145,1_36_cell_photo_cr.jpg,360,360,C:\Users\Администратор\Desktop\ML\foto\1\0905\1_36_cell_photo_cr.jpg
3,27,258,1_36_cell_photo_cr.jpg,360,360,C:\Users\Администратор\Desktop\ML\foto\1\0905\1_36_cell_photo_cr.jpg
1,205,119,1_37_cell_photo_cr.jpg,360,360,C:\Users\Администратор\Desktop\ML\foto\1\0905\1_37_cell_photo_cr.jpg
2,30,79,1_37_cell_photo_cr.jpg,360,360,C:\Users\Администратор\Desktop\ML\foto\1\0905\1_37_cell_photo_cr.jpg
3,205,347,1_37_cell_photo_cr.jpg,360,360,C:\Users\Администратор\Desktop\ML\foto\1\0905\1_37_cell_photo_cr.jpg
1,198,202,1_38_cell_photo_cr.jpg,360,360,C:\Users\Администратор\Desktop\ML\foto\1\0905\1_38_cell_photo_cr.jpg
2,173,267,1_38_cell_photo_cr.jpg,360,360,C:\Users\Администратор\Desktop\ML\foto\1\0905\1_38_cell_photo_cr.jpg
1,175,192,1_39_cell_photo_cr.jpg,360,360,C:\Users\Администратор\Desktop\ML\foto\1\0905\1_39_cell_photo_cr.jpg
1,81,193,1_40_cell_photo_cr.jpg,360,360,C:\Users\Администратор\Desktop\ML\foto\1\0905\1_40_cell_photo_cr.jpg
2,7,121,1_40_cell_photo_cr.jpg,360,360,C:\Users\Администратор\Desktop\ML\foto\1\0905\1_40_cell_photo_cr.jpg
3,25,307,1_40_cell_photo_cr.jpg,360,360,C:\Users\Администратор\Desktop\ML\foto\1\0905\1_40_cell_photo_cr.jpg
1,102,213,1_41_cell_photo_cr.jpg,360,360,C:\Users\Администратор\Desktop\ML\foto\1\0905\1_41_cell_photo_cr.jpg
2,9,203,1_41_cell_photo_cr.jpg,360,360,C:\Users\Администратор\Desktop\ML\foto\1\0905\1_41_cell_photo_cr.jpg
3,81,243,1_41_cell_photo_cr.jpg,360,360,C:\Users\Администратор\Desktop\ML\foto\1\0905\1_41_cell_photo_cr.jpg
1,152,235,1_42_cell_photo_cr.jpg,360,360,C:\Users\Администратор\Desktop\ML\foto\1\0905\1_42_cell_photo_cr.jpg
2,97,67,1_42_cell_photo_cr.jpg,360,360,C:\Users\Администратор\Desktop\ML\foto\1\0905\1_42_cell_photo_cr.jpg
3,27,331,1_42_cell_photo_cr.jpg,360,360,C:\Users\Администратор\Desktop\ML\foto\1\0905\1_42_cell_photo_cr.jpg
1,123,252,1_43_cell_photo_cr.jpg,360,360,C:\Users\Администратор\Desktop\ML\foto\1\0905\1_43_cell_photo_cr.jpg
2,216,234,1_43_cell_photo_cr.jpg,360,360,C:\Users\Администратор\Desktop\ML\foto\1\0905\1_43_cell_photo_cr.jpg
3,36,232,1_43_cell_photo_cr.jpg,360,360,C:\Users\Администратор\Desktop\ML\foto\1\0905\1_43_cell_photo_cr.jpg
1,96,220,1_44_cell_photo_cr.jpg,360,360,C:\Users\Администратор\Desktop\ML\foto\1\0905\1_44_cell_photo_cr.jpg
2,17,183,1_44_cell_photo_cr.jpg,360,360,C:\Users\Администратор\Desktop\ML\foto\1\0905\1_44_cell_photo_cr.jpg
3,133,312,1_44_cell_photo_cr.jpg,360,360,C:\Users\Администратор\Desktop\ML\foto\1\0905\1_44_cell_photo_cr.jpg
1,176,179,1_45_cell_photo_cr.jpg,360,360,C:\Users\Администратор\Desktop\ML\foto\1\0905\1_45_cell_photo_cr.jpg
1,203,134,1_46_cell_photo_cr.jpg,360,360,C:\Users\Администратор\Desktop\ML\foto\1\0905\1_46_cell_photo_cr.jpg
1,94,222,1_47_cell_photo_cr.jpg,360,360,C:\Users\Администратор\Desktop\ML\foto\1\0905\1_47_cell_photo_cr.jpg
2,27,208,1_47_cell_photo_cr.jpg,360,360,C:\Users\Администратор\Desktop\ML\foto\1\0905\1_47_cell_photo_cr.jpg
1,107,182,1_48_cell_photo_cr.jpg,360,360,C:\Users\Администратор\Desktop\ML\foto\1\0905\1_48_cell_photo_cr.jpg
2,39,108,1_48_cell_photo_cr.jpg,360,360,C:\Users\Администратор\Desktop\ML\foto\1\0905\1_48_cell_photo_cr.jpg
3,54,303,1_48_cell_photo_cr.jpg,360,360,C:\Users\Администратор\Desktop\ML\foto\1\0905\1_48_cell_photo_cr.jpg
1,177,125,1_49_cell_photo_cr.jpg,360,360,C:\Users\Администратор\Desktop\ML\foto\1\0905\1_49_cell_photo_cr.jpg
2,25,65,1_49_cell_photo_cr.jpg,360,360,C:\Users\Администратор\Desktop\ML\foto\1\0905\1_49_cell_photo_cr.jpg
3,270,222,1_49_cell_photo_cr.jpg,360,360,C:\Users\Администратор\Desktop\ML\foto\1\0905\1_49_cell_photo_cr.jpg
1,238,124,1_50_cell_photo_cr.jpg,360,360,C:\Users\Администратор\Desktop\ML\foto\1\0905\1_50_cell_photo_cr.jpg
2,253,2,1_50_cell_photo_cr.jpg,360,360,C:\Users\Администратор\Desktop\ML\foto\1\0905\1_50_cell_photo_cr.jpg
3,175,229,1_50_cell_photo_cr.jpg,360,360,C:\Users\Администратор\Desktop\ML\foto\1\0905\1_50_cell_photo_cr.jpg
1,84,160,1_1_cell_photo_cr.jpg,360,360,C:\Users\Администратор\Desktop\ML\foto\1\1005\1_1_cell_photo_cr.jpg
1,267,162,1_2_cell_photo_cr.jpg,360,360,C:\Users\Администратор\Desktop\ML\foto\1\1005\1_2_cell_photo_cr.jpg
2,249,13,1_2_cell_photo_cr.jpg,360,360,C:\Users\Администратор\Desktop\ML\foto\1\1005\1_2_cell_photo_cr.jpg
3,326,314,1_2_cell_photo_cr.jpg,360,360,C:\Users\Администратор\Desktop\ML\foto\1\1005\1_2_cell_photo_cr.jpg
4,312,110,1_2_cell_photo_cr.jpg,360,360,C:\Users\Администратор\Desktop\ML\foto\1\1005\1_2_cell_photo_cr.jpg
1,206,161,1_3_cell_photo_cr.jpg,360,360,C:\Users\Администратор\Desktop\ML\foto\1\1005\1_3_cell_photo_cr.jpg
2,96,55,1_3_cell_photo_cr.jpg,360,360,C:\Users\Администратор\Desktop\ML\foto\1\1005\1_3_cell_photo_cr.jpg
3,297,260,1_3_cell_photo_cr.jpg,360,360,C:\Users\Администратор\Desktop\ML\foto\1\1005\1_3_cell_photo_cr.jpg
1,113,147,1_4_cell_photo_cr.jpg,360,360,C:\Users\Администратор\Desktop\ML\foto\1\1005\1_4_cell_photo_cr.jpg
2,62,2,1_4_cell_photo_cr.jpg,360,360,C:\Users\Администратор\Desktop\ML\foto\1\1005\1_4_cell_photo_cr.jpg
3,109,277,1_4_cell_photo_cr.jpg,360,360,C:\Users\Администратор\Desktop\ML\foto\1\1005\1_4_cell_photo_cr.jpg
1,111,142,1_5_cell_photo_cr.jpg,360,360,C:\Users\Администратор\Desktop\ML\foto\1\1005\1_5_cell_photo_cr.jpg
2,157,41,1_5_cell_photo_cr.jpg,360,360,C:\Users\Администратор\Desktop\ML\foto\1\1005\1_5_cell_photo_cr.jpg
3,33,230,1_5_cell_photo_cr.jpg,360,360,C:\Users\Администратор\Desktop\ML\foto\1\1005\1_5_cell_photo_cr.jpg
1,15,229,1_6_cell_photo_cr.jpg,360,360,C:\Users\Администратор\Desktop\ML\foto\1\1005\1_6_cell_photo_cr.jpg
2,62,255,1_6_cell_photo_cr.jpg,360,360,C:\Users\Администратор\Desktop\ML\foto\1\1005\1_6_cell_photo_cr.jpg
1,142,119,1_7_cell_photo_cr.jpg,360,360,C:\Users\Администратор\Desktop\ML\foto\1\1005\1_7_cell_photo_cr.jpg
2,22,72,1_7_cell_photo_cr.jpg,360,360,C:\Users\Администратор\Desktop\ML\foto\1\1005\1_7_cell_photo_cr.jpg
3,296,135,1_7_cell_photo_cr.jpg,360,360,C:\Users\Администратор\Desktop\ML\foto\1\1005\1_7_cell_photo_cr.jpg
1,138,212,1_8_cell_photo_cr.jpg,360,360,C:\Users\Администратор\Desktop\ML\foto\1\1005\1_8_cell_photo_cr.jpg
2,163,165,1_8_cell_photo_cr.jpg,360,360,C:\Users\Администратор\Desktop\ML\foto\1\1005\1_8_cell_photo_cr.jpg
3,151,263,1_8_cell_photo_cr.jpg,360,360,C:\Users\Администратор\Desktop\ML\foto\1\1005\1_8_cell_photo_cr.jpg
1,169,157,1_9_cell_photo_cr.jpg,360,360,C:\Users\Администратор\Desktop\ML\foto\1\1005\1_9_cell_photo_cr.jpg
2,19,82,1_9_cell_photo_cr.jpg,360,360,C:\Users\Администратор\Desktop\ML\foto\1\1005\1_9_cell_photo_cr.jpg
3,285,264,1_9_cell_photo_cr.jpg,360,360,C:\Users\Администратор\Desktop\ML\foto\1\1005\1_9_cell_photo_cr.jpg
1,15,101,1_10_cell_photo_cr.jpg,360,360,C:\Users\Администратор\Desktop\ML\foto\1\1005\1_10_cell_photo_cr.jpg
2,30,319,1_10_cell_photo_cr.jpg,360,360,C:\Users\Администратор\Desktop\ML\foto\1\1005\1_10_cell_photo_cr.jpg
1,179,180,1_11_cell_photo_cr.jpg,360,360,C:\Users\Администратор\Desktop\ML\foto\1\1005\1_11_cell_photo_cr.jpg
1,221,91,1_12_cell_photo_cr.jpg,360,360,C:\Users\Администратор\Desktop\ML\foto\1\1005\1_12_cell_photo_cr.jpg
2,231,8,1_12_cell_photo_cr.jpg,360,360,C:\Users\Администратор\Desktop\ML\foto\1\1005\1_12_cell_photo_cr.jpg
3,306,184,1_12_cell_photo_cr.jpg,360,360,C:\Users\Администратор\Desktop\ML\foto\1\1005\1_12_cell_photo_cr.jpg
1,106,193,1_13_cell_photo_cr.jpg,360,360,C:\Users\Администратор\Desktop\ML\foto\1\1005\1_13_cell_photo_cr.jpg
2,190,95,1_13_cell_photo_cr.jpg,360,360,C:\Users\Администратор\Desktop\ML\foto\1\1005\1_13_cell_photo_cr.jpg
3,24,334,1_13_cell_photo_cr.jpg,360,360,C:\Users\Администратор\Desktop\ML\foto\1\1005\1_13_cell_photo_cr.jpg
1,166,147,1_14_cell_photo_cr.jpg,360,360,C:\Users\Администратор\Desktop\ML\foto\1\1005\1_14_cell_photo_cr.jpg
2,341,109,1_14_cell_photo_cr.jpg,360,360,C:\Users\Администратор\Desktop\ML\foto\1\1005\1_14_cell_photo_cr.jpg
3,2,179,1_14_cell_photo_cr.jpg,360,360,C:\Users\Администратор\Desktop\ML\foto\1\1005\1_14_cell_photo_cr.jpg
1,246,180,1_15_cell_photo_cr.jpg,360,360,C:\Users\Администратор\Desktop\ML\foto\1\1005\1_15_cell_photo_cr.jpg
2,278,76,1_15_cell_photo_cr.jpg,360,360,C:\Users\Администратор\Desktop\ML\foto\1\1005\1_15_cell_photo_cr.jpg
3,250,280,1_15_cell_photo_cr.jpg,360,360,C:\Users\Администратор\Desktop\ML\foto\1\1005\1_15_cell_photo_cr.jpg
1,179,217,1_16_cell_photo_cr.jpg,360,360,C:\Users\Администратор\Desktop\ML\foto\1\1005\1_16_cell_photo_cr.jpg
2,278,71,1_16_cell_photo_cr.jpg,360,360,C:\Users\Администратор\Desktop\ML\foto\1\1005\1_16_cell_photo_cr.jpg
3,57,307,1_16_cell_photo_cr.jpg,360,360,C:\Users\Администратор\Desktop\ML\foto\1\1005\1_16_cell_photo_cr.jpg
1,160,206,1_18_cell_photo_cr.jpg,360,360,C:\Users\Администратор\Desktop\ML\foto\1\1005\1_18_cell_photo_cr.jpg
2,263,76,1_18_cell_photo_cr.jpg,360,360,C:\Users\Администратор\Desktop\ML\foto\1\1005\1_18_cell_photo_cr.jpg
3,12,307,1_18_cell_photo_cr.jpg,360,360,C:\Users\Администратор\Desktop\ML\foto\1\1005\1_18_cell_photo_cr.jpg
1,240,187,1_19_cell_photo_cr.jpg,360,360,C:\Users\Администратор\Desktop\ML\foto\1\1005\1_19_cell_photo_cr.jpg
2,308,121,1_19_cell_photo_cr.jpg,360,360,C:\Users\Администратор\Desktop\ML\foto\1\1005\1_19_cell_photo_cr.jpg
3,175,269,1_19_cell_photo_cr.jpg,360,360,C:\Users\Администратор\Desktop\ML\foto\1\1005\1_19_cell_photo_cr.jpg
1,171,188,1_20_cell_photo_cr.jpg,360,360,C:\Users\Администратор\Desktop\ML\foto\1\1005\1_20_cell_photo_cr.jpg
2,309,84,1_20_cell_photo_cr.jpg,360,360,C:\Users\Администратор\Desktop\ML\foto\1\1005\1_20_cell_photo_cr.jpg
3,29,244,1_20_cell_photo_cr.jpg,360,360,C:\Users\Администратор\Desktop\ML\foto\1\1005\1_20_cell_photo_cr.jpg
1,170,133,1_21_cell_photo_cr.jpg,360,360,C:\Users\Администратор\Desktop\ML\foto\1\1005\1_21_cell_photo_cr.jpg
2,281,130,1_21_cell_photo_cr.jpg,360,360,C:\Users\Администратор\Desktop\ML\foto\1\1005\1_21_cell_photo_cr.jpg
3,228,162,1_21_cell_photo_cr.jpg,360,360,C:\Users\Администратор\Desktop\ML\foto\1\1005\1_21_cell_photo_cr.jpg
1,81,181,1_22_cell_photo_cr.jpg,360,360,C:\Users\Администратор\Desktop\ML\foto\1\1005\1_22_cell_photo_cr.jpg
2,57,9,1_22_cell_photo_cr.jpg,360,360,C:\Users\Администратор\Desktop\ML\foto\1\1005\1_22_cell_photo_cr.jpg
3,95,337,1_22_cell_photo_cr.jpg,360,360,C:\Users\Администратор\Desktop\ML\foto\1\1005\1_22_cell_photo_cr.jpg
1,107,280,1_23_cell_photo_cr.jpg,360,360,C:\Users\Администратор\Desktop\ML\foto\1\1005\1_23_cell_photo_cr.jpg
1,35,186,1_24_cell_photo_cr.jpg,360,360,C:\Users\Администратор\Desktop\ML\foto\1\1005\1_24_cell_photo_cr.jpg
2,80,253,1_24_cell_photo_cr.jpg,360,360,C:\Users\Администратор\Desktop\ML\foto\1\1005\1_24_cell_photo_cr.jpg
1,183,259,1_25_cell_photo_cr.jpg,360,360,C:\Users\Администратор\Desktop\ML\foto\1\1005\1_25_cell_photo_cr.jpg
2,15,295,1_25_cell_photo_cr.jpg,360,360,C:\Users\Администратор\Desktop\ML\foto\1\1005\1_25_cell_photo_cr.jpg
3,358,275,1_25_cell_photo_cr.jpg,360,360,C:\Users\Администратор\Desktop\ML\foto\1\1005\1_25_cell_photo_cr.jpg
1,107,128,1_26_cell_photo_cr.jpg,360,360,C:\Users\Администратор\Desktop\ML\foto\1\1005\1_26_cell_photo_cr.jpg
2,87,4,1_26_cell_photo_cr.jpg,360,360,C:\Users\Администратор\Desktop\ML\foto\1\1005\1_26_cell_photo_cr.jpg
3,115,260,1_26_cell_photo_cr.jpg,360,360,C:\Users\Администратор\Desktop\ML\foto\1\1005\1_26_cell_photo_cr.jpg
1,164,157,1_27_cell_photo_cr.jpg,360,360,C:\Users\Администратор\Desktop\ML\foto\1\1005\1_27_cell_photo_cr.jpg
2,59,81,1_27_cell_photo_cr.jpg,360,360,C:\Users\Администратор\Desktop\ML\foto\1\1005\1_27_cell_photo_cr.jpg
3,260,276,1_27_cell_photo_cr.jpg,360,360,C:\Users\Администратор\Desktop\ML\foto\1\1005\1_27_cell_photo_cr.jpg
1,243,162,1_28_cell_photo_cr.jpg,360,360,C:\Users\Администратор\Desktop\ML\foto\1\1005\1_28_cell_photo_cr.jpg
2,54,53,1_28_cell_photo_cr.jpg,360,360,C:\Users\Администратор\Desktop\ML\foto\1\1005\1_28_cell_photo_cr.jpg
3,350,242,1_28_cell_photo_cr.jpg,360,360,C:\Users\Администратор\Desktop\ML\foto\1\1005\1_28_cell_photo_cr.jpg
1,193,162,1_29_cell_photo_cr.jpg,360,360,C:\Users\Администратор\Desktop\ML\foto\1\1005\1_29_cell_photo_cr.jpg
2,353,19,1_29_cell_photo_cr.jpg,360,360,C:\Users\Администратор\Desktop\ML\foto\1\1005\1_29_cell_photo_cr.jpg
3,13,304,1_29_cell_photo_cr.jpg,360,360,C:\Users\Администратор\Desktop\ML\foto\1\1005\1_29_cell_photo_cr.jpg
1,144,161,1_30_cell_photo_cr.jpg,360,360,C:\Users\Администратор\Desktop\ML\foto\1\1005\1_30_cell_photo_cr.jpg
1,134,166,1_31_cell_photo_cr.jpg,360,360,C:\Users\Администратор\Desktop\ML\foto\1\1005\1_31_cell_photo_cr.jpg
2,17,45,1_31_cell_photo_cr.jpg,360,360,C:\Users\Администратор\Desktop\ML\foto\1\1005\1_31_cell_photo_cr.jpg
3,236,262,1_31_cell_photo_cr.jpg,360,360,C:\Users\Администратор\Desktop\ML\foto\1\1005\1_31_cell_photo_cr.jpg
1,220,294,1_32_cell_photo_cr.jpg,360,360,C:\Users\Администратор\Desktop\ML\foto\1\1005\1_32_cell_photo_cr.jpg
2,237,284,1_32_cell_photo_cr.jpg,360,360,C:\Users\Администратор\Desktop\ML\foto\1\1005\1_32_cell_photo_cr.jpg
3,227,332,1_32_cell_photo_cr.jpg,360,360,C:\Users\Администратор\Desktop\ML\foto\1\1005\1_32_cell_photo_cr.jpg
1,128,132,1_33_cell_photo_cr.jpg,360,360,C:\Users\Администратор\Desktop\ML\foto\1\1005\1_33_cell_photo_cr.jpg
2,208,45,1_33_cell_photo_cr.jpg,360,360,C:\Users\Администратор\Desktop\ML\foto\1\1005\1_33_cell_photo_cr.jpg
3,42,227,1_33_cell_photo_cr.jpg,360,360,C:\Users\Администратор\Desktop\ML\foto\1\1005\1_33_cell_photo_cr.jpg
1,138,202,1_34_cell_photo_cr.jpg,360,360,C:\Users\Администратор\Desktop\ML\foto\1\1005\1_34_cell_photo_cr.jpg
2,164,91,1_34_cell_photo_cr.jpg,360,360,C:\Users\Администратор\Desktop\ML\foto\1\1005\1_34_cell_photo_cr.jpg
3,86,292,1_34_cell_photo_cr.jpg,360,360,C:\Users\Администратор\Desktop\ML\foto\1\1005\1_34_cell_photo_cr.jpg
1,57,207,1_35_cell_photo_cr.jpg,360,360,C:\Users\Администратор\Desktop\ML\foto\1\1005\1_35_cell_photo_cr.jpg
1,193,178,1_36_cell_photo_cr.jpg,360,360,C:\Users\Администратор\Desktop\ML\foto\1\1005\1_36_cell_photo_cr.jpg
2,352,134,1_36_cell_photo_cr.jpg,360,360,C:\Users\Администратор\Desktop\ML\foto\1\1005\1_36_cell_photo_cr.jpg
3,17,262,1_36_cell_photo_cr.jpg,360,360,C:\Users\Администратор\Desktop\ML\foto\1\1005\1_36_cell_photo_cr.jpg
1,193,166,1_37_cell_photo_cr.jpg,360,360,C:\Users\Администратор\Desktop\ML\foto\1\1005\1_37_cell_photo_cr.jpg
2,358,234,1_37_cell_photo_cr.jpg,360,360,C:\Users\Администратор\Desktop\ML\foto\1\1005\1_37_cell_photo_cr.jpg
3,3,183,1_37_cell_photo_cr.jpg,360,360,C:\Users\Администратор\Desktop\ML\foto\1\1005\1_37_cell_photo_cr.jpg
1,191,194,1_38_cell_photo_cr.jpg,360,360,C:\Users\Администратор\Desktop\ML\foto\1\1005\1_38_cell_photo_cr.jpg
2,170,264,1_38_cell_photo_cr.jpg,360,360,C:\Users\Администратор\Desktop\ML\foto\1\1005\1_38_cell_photo_cr.jpg
3,194,167,1_38_cell_photo_cr.jpg,360,360,C:\Users\Администратор\Desktop\ML\foto\1\1005\1_38_cell_photo_cr.jpg
1,178,181,1_39_cell_photo_cr.jpg,360,360,C:\Users\Администратор\Desktop\ML\foto\1\1005\1_39_cell_photo_cr.jpg
1,164,178,1_40_cell_photo_cr.jpg,360,360,C:\Users\Администратор\Desktop\ML\foto\1\1005\1_40_cell_photo_cr.jpg
2,170,61,1_40_cell_photo_cr.jpg,360,360,C:\Users\Администратор\Desktop\ML\foto\1\1005\1_40_cell_photo_cr.jpg
3,95,341,1_40_cell_photo_cr.jpg,360,360,C:\Users\Администратор\Desktop\ML\foto\1\1005\1_40_cell_photo_cr.jpg
1,199,191,1_41_cell_photo_cr.jpg,360,360,C:\Users\Администратор\Desktop\ML\foto\1\1005\1_41_cell_photo_cr.jpg
2,313,210,1_41_cell_photo_cr.jpg,360,360,C:\Users\Администратор\Desktop\ML\foto\1\1005\1_41_cell_photo_cr.jpg
3,87,195,1_41_cell_photo_cr.jpg,360,360,C:\Users\Администратор\Desktop\ML\foto\1\1005\1_41_cell_photo_cr.jpg
1,143,166,1_42_cell_photo_cr.jpg,360,360,C:\Users\Администратор\Desktop\ML\foto\1\1005\1_42_cell_photo_cr.jpg
2,273,40,1_42_cell_photo_cr.jpg,360,360,C:\Users\Администратор\Desktop\ML\foto\1\1005\1_42_cell_photo_cr.jpg
3,134,335,1_42_cell_photo_cr.jpg,360,360,C:\Users\Администратор\Desktop\ML\foto\1\1005\1_42_cell_photo_cr.jpg
1,185,222,1_43_cell_photo_cr.jpg,360,360,C:\Users\Администратор\Desktop\ML\foto\1\1005\1_43_cell_photo_cr.jpg
2,318,169,1_43_cell_photo_cr.jpg,360,360,C:\Users\Администратор\Desktop\ML\foto\1\1005\1_43_cell_photo_cr.jpg
3,10,268,1_43_cell_photo_cr.jpg,360,360,C:\Users\Администратор\Desktop\ML\foto\1\1005\1_43_cell_photo_cr.jpg
1,160,216,1_44_cell_photo_cr.jpg,360,360,C:\Users\Администратор\Desktop\ML\foto\1\1005\1_44_cell_photo_cr.jpg
2,333,225,1_44_cell_photo_cr.jpg,360,360,C:\Users\Администратор\Desktop\ML\foto\1\1005\1_44_cell_photo_cr.jpg
3,4,243,1_44_cell_photo_cr.jpg,360,360,C:\Users\Администратор\Desktop\ML\foto\1\1005\1_44_cell_photo_cr.jpg
1,173,189,1_45_cell_photo_cr.jpg,360,360,C:\Users\Администратор\Desktop\ML\foto\1\1005\1_45_cell_photo_cr.jpg
1,170,150,1_46_cell_photo_cr.jpg,360,360,C:\Users\Администратор\Desktop\ML\foto\1\1005\1_46_cell_photo_cr.jpg
1,205,224,1_47_cell_photo_cr.jpg,360,360,C:\Users\Администратор\Desktop\ML\foto\1\1005\1_47_cell_photo_cr.jpg
2,120,260,1_47_cell_photo_cr.jpg,360,360,C:\Users\Администратор\Desktop\ML\foto\1\1005\1_47_cell_photo_cr.jpg
1,165,207,1_48_cell_photo_cr.jpg,360,360,C:\Users\Администратор\Desktop\ML\foto\1\1005\1_48_cell_photo_cr.jpg
2,24,123,1_48_cell_photo_cr.jpg,360,360,C:\Users\Администратор\Desktop\ML\foto\1\1005\1_48_cell_photo_cr.jpg
3,295,289,1_48_cell_photo_cr.jpg,360,360,C:\Users\Администратор\Desktop\ML\foto\1\1005\1_48_cell_photo_cr.jpg
1,168,136,1_49_cell_photo_cr.jpg,360,360,C:\Users\Администратор\Desktop\ML\foto\1\1005\1_49_cell_photo_cr.jpg
2,10,79,1_49_cell_photo_cr.jpg,360,360,C:\Users\Администратор\Desktop\ML\foto\1\1005\1_49_cell_photo_cr.jpg
3,255,222,1_49_cell_photo_cr.jpg,360,360,C:\Users\Администратор\Desktop\ML\foto\1\1005\1_49_cell_photo_cr.jpg
1,210,175,1_50_cell_photo_cr.jpg,360,360,C:\Users\Администратор\Desktop\ML\foto\1\1005\1_50_cell_photo_cr.jpg
2,200,36,1_50_cell_photo_cr.jpg,360,360,C:\Users\Администратор\Desktop\ML\foto\1\1005\1_50_cell_photo_cr.jpg
3,177,291,1_50_cell_photo_cr.jpg,360,360,C:\Users\Администратор\Desktop\ML\foto\1\1005\1_50_cell_photo_cr.jpg
1,98,203,1_1_cell_photo_cr.jpg,360,360,C:\Users\Администратор\Desktop\ML\foto\1\1105\1_1_cell_photo_cr.jpg
2,122,24,1_1_cell_photo_cr.jpg,360,360,C:\Users\Администратор\Desktop\ML\foto\1\1105\1_1_cell_photo_cr.jpg
3,185,323,1_1_cell_photo_cr.jpg,360,360,C:\Users\Администратор\Desktop\ML\foto\1\1105\1_1_cell_photo_cr.jpg
1,225,166,1_2_cell_photo_cr.jpg,360,360,C:\Users\Администратор\Desktop\ML\foto\1\1105\1_2_cell_photo_cr.jpg
2,240,49,1_2_cell_photo_cr.jpg,360,360,C:\Users\Администратор\Desktop\ML\foto\1\1105\1_2_cell_photo_cr.jpg
3,220,267,1_2_cell_photo_cr.jpg,360,360,C:\Users\Администратор\Desktop\ML\foto\1\1105\1_2_cell_photo_cr.jpg
1,196,131,1_3_cell_photo_cr.jpg,360,360,C:\Users\Администратор\Desktop\ML\foto\1\1105\1_3_cell_photo_cr.jpg
2,163,19,1_3_cell_photo_cr.jpg,360,360,C:\Users\Администратор\Desktop\ML\foto\1\1105\1_3_cell_photo_cr.jpg
3,270,215,1_3_cell_photo_cr.jpg,360,360,C:\Users\Администратор\Desktop\ML\foto\1\1105\1_3_cell_photo_cr.jpg
1,161,162,1_4_cell_photo_cr.jpg,360,360,C:\Users\Администратор\Desktop\ML\foto\1\1105\1_4_cell_photo_cr.jpg
2,190,29,1_4_cell_photo_cr.jpg,360,360,C:\Users\Администратор\Desktop\ML\foto\1\1105\1_4_cell_photo_cr.jpg
3,190,302,1_4_cell_photo_cr.jpg,360,360,C:\Users\Администратор\Desktop\ML\foto\1\1105\1_4_cell_photo_cr.jpg
1,176,141,1_5_cell_photo_cr.jpg,360,360,C:\Users\Администратор\Desktop\ML\foto\1\1105\1_5_cell_photo_cr.jpg
2,223,62,1_5_cell_photo_cr.jpg,360,360,C:\Users\Администратор\Desktop\ML\foto\1\1105\1_5_cell_photo_cr.jpg
3,136,254,1_5_cell_photo_cr.jpg,360,360,C:\Users\Администратор\Desktop\ML\foto\1\1105\1_5_cell_photo_cr.jpg
1,77,231,1_6_cell_photo_cr.jpg,360,360,C:\Users\Администратор\Desktop\ML\foto\1\1105\1_6_cell_photo_cr.jpg
2,84,267,1_6_cell_photo_cr.jpg,360,360,C:\Users\Администратор\Desktop\ML\foto\1\1105\1_6_cell_photo_cr.jpg
1,186,128,1_7_cell_photo_cr.jpg,360,360,C:\Users\Администратор\Desktop\ML\foto\1\1105\1_7_cell_photo_cr.jpg
2,57,60,1_7_cell_photo_cr.jpg,360,360,C:\Users\Администратор\Desktop\ML\foto\1\1105\1_7_cell_photo_cr.jpg
3,313,140,1_7_cell_photo_cr.jpg,360,360,C:\Users\Администратор\Desktop\ML\foto\1\1105\1_7_cell_photo_cr.jpg
1,233,215,1_8_cell_photo_cr.jpg,360,360,C:\Users\Администратор\Desktop\ML\foto\1\1105\1_8_cell_photo_cr.jpg
2,255,182,1_8_cell_photo_cr.jpg,360,360,C:\Users\Администратор\Desktop\ML\foto\1\1105\1_8_cell_photo_cr.jpg
3,245,272,1_8_cell_photo_cr.jpg,360,360,C:\Users\Администратор\Desktop\ML\foto\1\1105\1_8_cell_photo_cr.jpg
1,260,187,1_9_cell_photo_cr.jpg,360,360,C:\Users\Администратор\Desktop\ML\foto\1\1105\1_9_cell_photo_cr.jpg
2,246,79,1_9_cell_photo_cr.jpg,360,360,C:\Users\Администратор\Desktop\ML\foto\1\1105\1_9_cell_photo_cr.jpg
3,303,264,1_9_cell_photo_cr.jpg,360,360,C:\Users\Администратор\Desktop\ML\foto\1\1105\1_9_cell_photo_cr.jpg
1,136,144,1_10_cell_photo_cr.jpg,360,360,C:\Users\Администратор\Desktop\ML\foto\1\1105\1_10_cell_photo_cr.jpg
2,181,3,1_10_cell_photo_cr.jpg,360,360,C:\Users\Администратор\Desktop\ML\foto\1\1105\1_10_cell_photo_cr.jpg
3,191,319,1_10_cell_photo_cr.jpg,360,360,C:\Users\Администратор\Desktop\ML\foto\1\1105\1_10_cell_photo_cr.jpg
1,182,186,1_11_cell_photo_cr.jpg,360,360,C:\Users\Администратор\Desktop\ML\foto\1\1105\1_11_cell_photo_cr.jpg
1,226,101,1_12_cell_photo_cr.jpg,360,360,C:\Users\Администратор\Desktop\ML\foto\1\1105\1_12_cell_photo_cr.jpg
2,215,4,1_12_cell_photo_cr.jpg,360,360,C:\Users\Администратор\Desktop\ML\foto\1\1105\1_12_cell_photo_cr.jpg
3,296,202,1_12_cell_photo_cr.jpg,360,360,C:\Users\Администратор\Desktop\ML\foto\1\1105\1_12_cell_photo_cr.jpg
1,153,177,1_13_cell_photo_cr.jpg,360,360,C:\Users\Администратор\Desktop\ML\foto\1\1105\1_13_cell_photo_cr.jpg
2,232,86,1_13_cell_photo_cr.jpg,360,360,C:\Users\Администратор\Desktop\ML\foto\1\1105\1_13_cell_photo_cr.jpg
3,133,337,1_13_cell_photo_cr.jpg,360,360,C:\Users\Администратор\Desktop\ML\foto\1\1105\1_13_cell_photo_cr.jpg
1,185,130,1_14_cell_photo_cr.jpg,360,360,C:\Users\Администратор\Desktop\ML\foto\1\1105\1_14_cell_photo_cr.jpg
2,134,189,1_14_cell_photo_cr.jpg,360,360,C:\Users\Администратор\Desktop\ML\foto\1\1105\1_14_cell_photo_cr.jpg
3,307,111,1_14_cell_photo_cr.jpg,360,360,C:\Users\Администратор\Desktop\ML\foto\1\1105\1_14_cell_photo_cr.jpg
1,271,171,1_15_cell_photo_cr.jpg,360,360,C:\Users\Администратор\Desktop\ML\foto\1\1105\1_15_cell_photo_cr.jpg
2,265,43,1_15_cell_photo_cr.jpg,360,360,C:\Users\Администратор\Desktop\ML\foto\1\1105\1_15_cell_photo_cr.jpg
3,325,259,1_15_cell_photo_cr.jpg,360,360,C:\Users\Администратор\Desktop\ML\foto\1\1105\1_15_cell_photo_cr.jpg
1,193,130,1_16_cell_photo_cr.jpg,360,360,C:\Users\Администратор\Desktop\ML\foto\1\1105\1_16_cell_photo_cr.jpg
2,218,16,1_16_cell_photo_cr.jpg,360,360,C:\Users\Администратор\Desktop\ML\foto\1\1105\1_16_cell_photo_cr.jpg
3,210,337,1_16_cell_photo_cr.jpg,360,360,C:\Users\Администратор\Desktop\ML\foto\1\1105\1_16_cell_photo_cr.jpg
3,185,183,1_17_cell_photo_cr.jpg,360,360,C:\Users\Администратор\Desktop\ML\foto\1\1105\1_17_cell_photo_cr.jpg
1,220,161,1_18_cell_photo_cr.jpg,360,360,C:\Users\Администратор\Desktop\ML\foto\1\1105\1_18_cell_photo_cr.jpg
2,230,62,1_18_cell_photo_cr.jpg,360,360,C:\Users\Администратор\Desktop\ML\foto\1\1105\1_18_cell_photo_cr.jpg
3,213,316,1_18_cell_photo_cr.jpg,360,360,C:\Users\Администратор\Desktop\ML\foto\1\1105\1_18_cell_photo_cr.jpg
1,215,193,1_19_cell_photo_cr.jpg,360,360,C:\Users\Администратор\Desktop\ML\foto\1\1105\1_19_cell_photo_cr.jpg
2,273,143,1_19_cell_photo_cr.jpg,360,360,C:\Users\Администратор\Desktop\ML\foto\1\1105\1_19_cell_photo_cr.jpg
3,208,292,1_19_cell_photo_cr.jpg,360,360,C:\Users\Администратор\Desktop\ML\foto\1\1105\1_19_cell_photo_cr.jpg
1,207,182,1_20_cell_photo_cr.jpg,360,360,C:\Users\Администратор\Desktop\ML\foto\1\1105\1_20_cell_photo_cr.jpg
2,307,107,1_20_cell_photo_cr.jpg,360,360,C:\Users\Администратор\Desktop\ML\foto\1\1105\1_20_cell_photo_cr.jpg
3,77,240,1_20_cell_photo_cr.jpg,360,360,C:\Users\Администратор\Desktop\ML\foto\1\1105\1_20_cell_photo_cr.jpg
1,216,118,1_21_cell_photo_cr.jpg,360,360,C:\Users\Администратор\Desktop\ML\foto\1\1105\1_21_cell_photo_cr.jpg
2,339,115,1_21_cell_photo_cr.jpg,360,360,C:\Users\Администратор\Desktop\ML\foto\1\1105\1_21_cell_photo_cr.jpg
1,144,179,1_22_cell_photo_cr.jpg,360,360,C:\Users\Администратор\Desktop\ML\foto\1\1105\1_22_cell_photo_cr.jpg
2,262,6,1_22_cell_photo_cr.jpg,360,360,C:\Users\Администратор\Desktop\ML\foto\1\1105\1_22_cell_photo_cr.jpg
3,226,346,1_22_cell_photo_cr.jpg,360,360,C:\Users\Администратор\Desktop\ML\foto\1\1105\1_22_cell_photo_cr.jpg
1,67,301,1_23_cell_photo_cr.jpg,360,360,C:\Users\Администратор\Desktop\ML\foto\1\1105\1_23_cell_photo_cr.jpg
1,87,147,1_24_cell_photo_cr.jpg,360,360,C:\Users\Администратор\Desktop\ML\foto\1\1105\1_24_cell_photo_cr.jpg
2,114,203,1_24_cell_photo_cr.jpg,360,360,C:\Users\Администратор\Desktop\ML\foto\1\1105\1_24_cell_photo_cr.jpg
1,233,269,1_25_cell_photo_cr.jpg,360,360,C:\Users\Администратор\Desktop\ML\foto\1\1105\1_25_cell_photo_cr.jpg
2,208,228,1_25_cell_photo_cr.jpg,360,360,C:\Users\Администратор\Desktop\ML\foto\1\1105\1_25_cell_photo_cr.jpg
3,331,277,1_25_cell_photo_cr.jpg,360,360,C:\Users\Администратор\Desktop\ML\foto\1\1105\1_25_cell_photo_cr.jpg
1,163,148,1_26_cell_photo_cr.jpg,360,360,C:\Users\Администратор\Desktop\ML\foto\1\1105\1_26_cell_photo_cr.jpg
2,250,25,1_26_cell_photo_cr.jpg,360,360,C:\Users\Администратор\Desktop\ML\foto\1\1105\1_26_cell_photo_cr.jpg
3,184,267,1_26_cell_photo_cr.jpg,360,360,C:\Users\Администратор\Desktop\ML\foto\1\1105\1_26_cell_photo_cr.jpg
1,247,179,1_27_cell_photo_cr.jpg,360,360,C:\Users\Администратор\Desktop\ML\foto\1\1105\1_27_cell_photo_cr.jpg
2,321,285,1_27_cell_photo_cr.jpg,360,360,C:\Users\Администратор\Desktop\ML\foto\1\1105\1_27_cell_photo_cr.jpg
3,192,43,1_27_cell_photo_cr.jpg,360,360,C:\Users\Администратор\Desktop\ML\foto\1\1105\1_27_cell_photo_cr.jpg
1,297,188,1_28_cell_photo_cr.jpg,360,360,C:\Users\Администратор\Desktop\ML\foto\1\1105\1_28_cell_photo_cr.jpg
2,238,15,1_28_cell_photo_cr.jpg,360,360,C:\Users\Администратор\Desktop\ML\foto\1\1105\1_28_cell_photo_cr.jpg
3,335,270,1_28_cell_photo_cr.jpg,360,360,C:\Users\Администратор\Desktop\ML\foto\1\1105\1_28_cell_photo_cr.jpg
1,190,114,1_29_cell_photo_cr.jpg,360,360,C:\Users\Администратор\Desktop\ML\foto\1\1105\1_29_cell_photo_cr.jpg
2,277,1,1_29_cell_photo_cr.jpg,360,360,C:\Users\Администратор\Desktop\ML\foto\1\1105\1_29_cell_photo_cr.jpg
3,190,356,1_29_cell_photo_cr.jpg,360,360,C:\Users\Администратор\Desktop\ML\foto\1\1105\1_29_cell_photo_cr.jpg
1,161,145,1_30_cell_photo_cr.jpg,360,360,C:\Users\Администратор\Desktop\ML\foto\1\1105\1_30_cell_photo_cr.jpg
1,176,190,1_31_cell_photo_cr.jpg,360,360,C:\Users\Администратор\Desktop\ML\foto\1\1105\1_31_cell_photo_cr.jpg
2,121,63,1_31_cell_photo_cr.jpg,360,360,C:\Users\Администратор\Desktop\ML\foto\1\1105\1_31_cell_photo_cr.jpg
3,266,269,1_31_cell_photo_cr.jpg,360,360,C:\Users\Администратор\Desktop\ML\foto\1\1105\1_31_cell_photo_cr.jpg
1,176,268,1_32_cell_photo_cr.jpg,360,360,C:\Users\Администратор\Desktop\ML\foto\1\1105\1_32_cell_photo_cr.jpg
2,178,243,1_32_cell_photo_cr.jpg,360,360,C:\Users\Администратор\Desktop\ML\foto\1\1105\1_32_cell_photo_cr.jpg
3,188,306,1_32_cell_photo_cr.jpg,360,360,C:\Users\Администратор\Desktop\ML\foto\1\1105\1_32_cell_photo_cr.jpg
1,163,133,1_33_cell_photo_cr.jpg,360,360,C:\Users\Администратор\Desktop\ML\foto\1\1105\1_33_cell_photo_cr.jpg
2,218,68,1_33_cell_photo_cr.jpg,360,360,C:\Users\Администратор\Desktop\ML\foto\1\1105\1_33_cell_photo_cr.jpg
3,158,229,1_33_cell_photo_cr.jpg,360,360,C:\Users\Администратор\Desktop\ML\foto\1\1105\1_33_cell_photo_cr.jpg
1,188,174,1_34_cell_photo_cr.jpg,360,360,C:\Users\Администратор\Desktop\ML\foto\1\1105\1_34_cell_photo_cr.jpg
2,238,64,1_34_cell_photo_cr.jpg,360,360,C:\Users\Администратор\Desktop\ML\foto\1\1105\1_34_cell_photo_cr.jpg
3,148,277,1_34_cell_photo_cr.jpg,360,360,C:\Users\Администратор\Desktop\ML\foto\1\1105\1_34_cell_photo_cr.jpg
1,46,229,1_35_cell_photo_cr.jpg,360,360,C:\Users\Администратор\Desktop\ML\foto\1\1105\1_35_cell_photo_cr.jpg
1,248,177,1_36_cell_photo_cr.jpg,360,360,C:\Users\Администратор\Desktop\ML\foto\1\1105\1_36_cell_photo_cr.jpg
2,335,120,1_36_cell_photo_cr.jpg,360,360,C:\Users\Администратор\Desktop\ML\foto\1\1105\1_36_cell_photo_cr.jpg
3,250,315,1_36_cell_photo_cr.jpg,360,360,C:\Users\Администратор\Desktop\ML\foto\1\1105\1_36_cell_photo_cr.jpg
1,267,167,1_37_cell_photo_cr.jpg,360,360,C:\Users\Администратор\Desktop\ML\foto\1\1105\1_37_cell_photo_cr.jpg
2,320,169,1_37_cell_photo_cr.jpg,360,360,C:\Users\Администратор\Desktop\ML\foto\1\1105\1_37_cell_photo_cr.jpg
3,283,239,1_37_cell_photo_cr.jpg,360,360,C:\Users\Администратор\Desktop\ML\foto\1\1105\1_37_cell_photo_cr.jpg
1,244,145,1_38_cell_photo_cr.jpg,360,360,C:\Users\Администратор\Desktop\ML\foto\1\1105\1_38_cell_photo_cr.jpg
2,350,213,1_38_cell_photo_cr.jpg,360,360,C:\Users\Администратор\Desktop\ML\foto\1\1105\1_38_cell_photo_cr.jpg
1,228,212,1_39_cell_photo_cr.jpg,360,360,C:\Users\Администратор\Desktop\ML\foto\1\1105\1_39_cell_photo_cr.jpg
2,257,173,1_39_cell_photo_cr.jpg,360,360,C:\Users\Администратор\Desktop\ML\foto\1\1105\1_39_cell_photo_cr.jpg
3,213,272,1_39_cell_photo_cr.jpg,360,360,C:\Users\Администратор\Desktop\ML\foto\1\1105\1_39_cell_photo_cr.jpg
1,300,128,1_40_cell_photo_cr.jpg,360,360,C:\Users\Администратор\Desktop\ML\foto\1\1105\1_40_cell_photo_cr.jpg
2,339,133,1_40_cell_photo_cr.jpg,360,360,C:\Users\Администратор\Desktop\ML\foto\1\1105\1_40_cell_photo_cr.jpg
1,255,178,1_41_cell_photo_cr.jpg,360,360,C:\Users\Администратор\Desktop\ML\foto\1\1105\1_41_cell_photo_cr.jpg
2,151,114,1_41_cell_photo_cr.jpg,360,360,C:\Users\Администратор\Desktop\ML\foto\1\1105\1_41_cell_photo_cr.jpg
3,348,213,1_41_cell_photo_cr.jpg,360,360,C:\Users\Администратор\Desktop\ML\foto\1\1105\1_41_cell_photo_cr.jpg
1,130,138,1_42_cell_photo_cr.jpg,360,360,C:\Users\Администратор\Desktop\ML\foto\1\1105\1_42_cell_photo_cr.jpg
2,283,19,1_42_cell_photo_cr.jpg,360,360,C:\Users\Администратор\Desktop\ML\foto\1\1105\1_42_cell_photo_cr.jpg
3,150,351,1_42_cell_photo_cr.jpg,360,360,C:\Users\Администратор\Desktop\ML\foto\1\1105\1_42_cell_photo_cr.jpg
1,225,232,1_43_cell_photo_cr.jpg,360,360,C:\Users\Администратор\Desktop\ML\foto\1\1105\1_43_cell_photo_cr.jpg
2,287,189,1_43_cell_photo_cr.jpg,360,360,C:\Users\Администратор\Desktop\ML\foto\1\1105\1_43_cell_photo_cr.jpg
3,185,296,1_43_cell_photo_cr.jpg,360,360,C:\Users\Администратор\Desktop\ML\foto\1\1105\1_43_cell_photo_cr.jpg
1,190,222,1_44_cell_photo_cr.jpg,360,360,C:\Users\Администратор\Desktop\ML\foto\1\1105\1_44_cell_photo_cr.jpg
2,288,192,1_44_cell_photo_cr.jpg,360,360,C:\Users\Администратор\Desktop\ML\foto\1\1105\1_44_cell_photo_cr.jpg
3,170,280,1_44_cell_photo_cr.jpg,360,360,C:\Users\Администратор\Desktop\ML\foto\1\1105\1_44_cell_photo_cr.jpg
1,176,187,1_45_cell_photo_cr.jpg,360,360,C:\Users\Администратор\Desktop\ML\foto\1\1105\1_45_cell_photo_cr.jpg
1,158,152,1_46_cell_photo_cr.jpg,360,360,C:\Users\Администратор\Desktop\ML\foto\1\1105\1_46_cell_photo_cr.jpg
1,202,235,1_47_cell_photo_cr.jpg,360,360,C:\Users\Администратор\Desktop\ML\foto\1\1105\1_47_cell_photo_cr.jpg
2,309,217,1_47_cell_photo_cr.jpg,360,360,C:\Users\Администратор\Desktop\ML\foto\1\1105\1_47_cell_photo_cr.jpg
1,216,262,1_48_cell_photo_cr.jpg,360,360,C:\Users\Администратор\Desktop\ML\foto\1\1105\1_48_cell_photo_cr.jpg
2,307,240,1_48_cell_photo_cr.jpg,360,360,C:\Users\Администратор\Desktop\ML\foto\1\1105\1_48_cell_photo_cr.jpg
3,186,279,1_48_cell_photo_cr.jpg,360,360,C:\Users\Администратор\Desktop\ML\foto\1\1105\1_48_cell_photo_cr.jpg
1,293,206,1_49_cell_photo_cr.jpg,360,360,C:\Users\Администратор\Desktop\ML\foto\1\1105\1_49_cell_photo_cr.jpg
2,332,76,1_49_cell_photo_cr.jpg,360,360,C:\Users\Администратор\Desktop\ML\foto\1\1105\1_49_cell_photo_cr.jpg
3,313,265,1_49_cell_photo_cr.jpg,360,360,C:\Users\Администратор\Desktop\ML\foto\1\1105\1_49_cell_photo_cr.jpg
1,173,130,1_50_cell_photo_cr.jpg,360,360,C:\Users\Администратор\Desktop\ML\foto\1\1105\1_50_cell_photo_cr.jpg
2,102,59,1_50_cell_photo_cr.jpg,360,360,C:\Users\Администратор\Desktop\ML\foto\1\1105\1_50_cell_photo_cr.jpg
3,243,201,1_50_cell_photo_cr.jpg,360,360,C:\Users\Администратор\Desktop\ML\foto\1\1105\1_50_cell_photo_cr.jpg
1,47,175,1_1_cell_photo_cr.jpg,360,360,C:\Users\Администратор\Desktop\ML\foto\1\1205\1_1_cell_photo_cr.jpg
2,146,14,1_1_cell_photo_cr.jpg,360,360,C:\Users\Администратор\Desktop\ML\foto\1\1205\1_1_cell_photo_cr.jpg
3,93,327,1_1_cell_photo_cr.jpg,360,360,C:\Users\Администратор\Desktop\ML\foto\1\1205\1_1_cell_photo_cr.jpg
1,100,178,1_2_cell_photo_cr.jpg,360,360,C:\Users\Администратор\Desktop\ML\foto\1\1205\1_2_cell_photo_cr.jpg
2,55,65,1_2_cell_photo_cr.jpg,360,360,C:\Users\Администратор\Desktop\ML\foto\1\1205\1_2_cell_photo_cr.jpg
3,44,272,1_2_cell_photo_cr.jpg,360,360,C:\Users\Администратор\Desktop\ML\foto\1\1205\1_2_cell_photo_cr.jpg
1,164,136,1_3_cell_photo_cr.jpg,360,360,C:\Users\Администратор\Desktop\ML\foto\1\1205\1_3_cell_photo_cr.jpg
2,272,222,1_3_cell_photo_cr.jpg,360,360,C:\Users\Администратор\Desktop\ML\foto\1\1205\1_3_cell_photo_cr.jpg
3,82,71,1_3_cell_photo_cr.jpg,360,360,C:\Users\Администратор\Desktop\ML\foto\1\1205\1_3_cell_photo_cr.jpg
1,64,135,1_4_cell_photo_cr.jpg,360,360,C:\Users\Администратор\Desktop\ML\foto\1\1205\1_4_cell_photo_cr.jpg
2,61,18,1_4_cell_photo_cr.jpg,360,360,C:\Users\Администратор\Desktop\ML\foto\1\1205\1_4_cell_photo_cr.jpg
3,80,273,1_4_cell_photo_cr.jpg,360,360,C:\Users\Администратор\Desktop\ML\foto\1\1205\1_4_cell_photo_cr.jpg
1,152,144,1_5_cell_photo_cr.jpg,360,360,C:\Users\Администратор\Desktop\ML\foto\1\1205\1_5_cell_photo_cr.jpg
2,221,64,1_5_cell_photo_cr.jpg,360,360,C:\Users\Администратор\Desktop\ML\foto\1\1205\1_5_cell_photo_cr.jpg
3,88,245,1_5_cell_photo_cr.jpg,360,360,C:\Users\Администратор\Desktop\ML\foto\1\1205\1_5_cell_photo_cr.jpg
1,19,212,1_6_cell_photo_cr.jpg,360,360,C:\Users\Администратор\Desktop\ML\foto\1\1205\1_6_cell_photo_cr.jpg
2,47,244,1_6_cell_photo_cr.jpg,360,360,C:\Users\Администратор\Desktop\ML\foto\1\1205\1_6_cell_photo_cr.jpg
1,145,105,1_7_cell_photo_cr.jpg,360,360,C:\Users\Администратор\Desktop\ML\foto\1\1205\1_7_cell_photo_cr.jpg
2,295,122,1_7_cell_photo_cr.jpg,360,360,C:\Users\Администратор\Desktop\ML\foto\1\1205\1_7_cell_photo_cr.jpg
3,40,46,1_7_cell_photo_cr.jpg,360,360,C:\Users\Администратор\Desktop\ML\foto\1\1205\1_7_cell_photo_cr.jpg
1,168,193,1_8_cell_photo_cr.jpg,360,360,C:\Users\Администратор\Desktop\ML\foto\1\1205\1_8_cell_photo_cr.jpg
2,178,145,1_8_cell_photo_cr.jpg,360,360,C:\Users\Администратор\Desktop\ML\foto\1\1205\1_8_cell_photo_cr.jpg
3,149,252,1_8_cell_photo_cr.jpg,360,360,C:\Users\Администратор\Desktop\ML\foto\1\1205\1_8_cell_photo_cr.jpg
1,95,167,1_9_cell_photo_cr.jpg,360,360,C:\Users\Администратор\Desktop\ML\foto\1\1205\1_9_cell_photo_cr.jpg
2,7,52,1_9_cell_photo_cr.jpg,360,360,C:\Users\Администратор\Desktop\ML\foto\1\1205\1_9_cell_photo_cr.jpg
3,140,328,1_9_cell_photo_cr.jpg,360,360,C:\Users\Администратор\Desktop\ML\foto\1\1205\1_9_cell_photo_cr.jpg
1,20,91,1_10_cell_photo_cr.jpg,360,360,C:\Users\Администратор\Desktop\ML\foto\1\1205\1_10_cell_photo_cr.jpg
1,129,116,1_11_cell_photo_cr.jpg,360,360,C:\Users\Администратор\Desktop\ML\foto\1\1205\1_11_cell_photo_cr.jpg
1,197,115,1_12_cell_photo_cr.jpg,360,360,C:\Users\Администратор\Desktop\ML\foto\1\1205\1_12_cell_photo_cr.jpg
2,118,29,1_12_cell_photo_cr.jpg,360,360,C:\Users\Администратор\Desktop\ML\foto\1\1205\1_12_cell_photo_cr.jpg
3,263,239,1_12_cell_photo_cr.jpg,360,360,C:\Users\Администратор\Desktop\ML\foto\1\1205\1_12_cell_photo_cr.jpg
1,93,182,1_13_cell_photo_cr.jpg,360,360,C:\Users\Администратор\Desktop\ML\foto\1\1205\1_13_cell_photo_cr.jpg
2,164,71,1_13_cell_photo_cr.jpg,360,360,C:\Users\Администратор\Desktop\ML\foto\1\1205\1_13_cell_photo_cr.jpg
3,28,287,1_13_cell_photo_cr.jpg,360,360,C:\Users\Администратор\Desktop\ML\foto\1\1205\1_13_cell_photo_cr.jpg
1,104,134,1_14_cell_photo_cr.jpg,360,360,C:\Users\Администратор\Desktop\ML\foto\1\1205\1_14_cell_photo_cr.jpg
2,246,100,1_14_cell_photo_cr.jpg,360,360,C:\Users\Администратор\Desktop\ML\foto\1\1205\1_14_cell_photo_cr.jpg
3,15,181,1_14_cell_photo_cr.jpg,360,360,C:\Users\Администратор\Desktop\ML\foto\1\1205\1_14_cell_photo_cr.jpg
1,269,167,1_15_cell_photo_cr.jpg,360,360,C:\Users\Администратор\Desktop\ML\foto\1\1205\1_15_cell_photo_cr.jpg
2,257,41,1_15_cell_photo_cr.jpg,360,360,C:\Users\Администратор\Desktop\ML\foto\1\1205\1_15_cell_photo_cr.jpg
3,205,282,1_15_cell_photo_cr.jpg,360,360,C:\Users\Администратор\Desktop\ML\foto\1\1205\1_15_cell_photo_cr.jpg
1,152,222,1_16_cell_photo_cr.jpg,360,360,C:\Users\Администратор\Desktop\ML\foto\1\1205\1_16_cell_photo_cr.jpg
2,313,88,1_16_cell_photo_cr.jpg,360,360,C:\Users\Администратор\Desktop\ML\foto\1\1205\1_16_cell_photo_cr.jpg
3,102,348,1_16_cell_photo_cr.jpg,360,360,C:\Users\Администратор\Desktop\ML\foto\1\1205\1_16_cell_photo_cr.jpg
1,185,178,1_17_cell_photo_cr.jpg,360,360,C:\Users\Администратор\Desktop\ML\foto\1\1205\1_17_cell_photo_cr.jpg
1,40,174,1_18_cell_photo_cr.jpg,360,360,C:\Users\Администратор\Desktop\ML\foto\1\1205\1_18_cell_photo_cr.jpg
2,221,128,1_18_cell_photo_cr.jpg,360,360,C:\Users\Администратор\Desktop\ML\foto\1\1205\1_18_cell_photo_cr.jpg
3,13,205,1_18_cell_photo_cr.jpg,360,360,C:\Users\Администратор\Desktop\ML\foto\1\1205\1_18_cell_photo_cr.jpg
1,268,212,1_19_cell_photo_cr.jpg,360,360,C:\Users\Администратор\Desktop\ML\foto\1\1205\1_19_cell_photo_cr.jpg
2,323,154,1_19_cell_photo_cr.jpg,360,360,C:\Users\Администратор\Desktop\ML\foto\1\1205\1_19_cell_photo_cr.jpg
3,215,291,1_19_cell_photo_cr.jpg,360,360,C:\Users\Администратор\Desktop\ML\foto\1\1205\1_19_cell_photo_cr.jpg
1,58,158,1_20_cell_photo_cr.jpg,360,360,C:\Users\Администратор\Desktop\ML\foto\1\1205\1_20_cell_photo_cr.jpg
2,158,63,1_20_cell_photo_cr.jpg,360,360,C:\Users\Администратор\Desktop\ML\foto\1\1205\1_20_cell_photo_cr.jpg
3,30,218,1_20_cell_photo_cr.jpg,360,360,C:\Users\Администратор\Desktop\ML\foto\1\1205\1_20_cell_photo_cr.jpg
1,154,128,1_21_cell_photo_cr.jpg,360,360,C:\Users\Администратор\Desktop\ML\foto\1\1205\1_21_cell_photo_cr.jpg
2,21,121,1_21_cell_photo_cr.jpg,360,360,C:\Users\Администратор\Desktop\ML\foto\1\1205\1_21_cell_photo_cr.jpg
3,260,131,1_21_cell_photo_cr.jpg,360,360,C:\Users\Администратор\Desktop\ML\foto\1\1205\1_21_cell_photo_cr.jpg
1,113,199,1_22_cell_photo_cr.jpg,360,360,C:\Users\Администратор\Desktop\ML\foto\1\1205\1_22_cell_photo_cr.jpg
2,56,31,1_22_cell_photo_cr.jpg,360,360,C:\Users\Администратор\Desktop\ML\foto\1\1205\1_22_cell_photo_cr.jpg
3,90,351,1_22_cell_photo_cr.jpg,360,360,C:\Users\Администратор\Desktop\ML\foto\1\1205\1_22_cell_photo_cr.jpg
1,74,314,1_23_cell_photo_cr.jpg,360,360,C:\Users\Администратор\Desktop\ML\foto\1\1205\1_23_cell_photo_cr.jpg
1,7,173,1_24_cell_photo_cr.jpg,360,360,C:\Users\Администратор\Desktop\ML\foto\1\1205\1_24_cell_photo_cr.jpg
2,56,247,1_24_cell_photo_cr.jpg,360,360,C:\Users\Администратор\Desktop\ML\foto\1\1205\1_24_cell_photo_cr.jpg
1,165,235,1_25_cell_photo_cr.jpg,360,360,C:\Users\Администратор\Desktop\ML\foto\1\1205\1_25_cell_photo_cr.jpg
2,17,152,1_25_cell_photo_cr.jpg,360,360,C:\Users\Администратор\Desktop\ML\foto\1\1205\1_25_cell_photo_cr.jpg
3,306,357,1_25_cell_photo_cr.jpg,360,360,C:\Users\Администратор\Desktop\ML\foto\1\1205\1_25_cell_photo_cr.jpg
1,100,174,1_26_cell_photo_cr.jpg,360,360,C:\Users\Администратор\Desktop\ML\foto\1\1205\1_26_cell_photo_cr.jpg
2,51,19,1_26_cell_photo_cr.jpg,360,360,C:\Users\Администратор\Desktop\ML\foto\1\1205\1_26_cell_photo_cr.jpg
3,146,279,1_26_cell_photo_cr.jpg,360,360,C:\Users\Администратор\Desktop\ML\foto\1\1205\1_26_cell_photo_cr.jpg
1,113,133,1_27_cell_photo_cr.jpg,360,360,C:\Users\Администратор\Desktop\ML\foto\1\1205\1_27_cell_photo_cr.jpg
2,157,38,1_27_cell_photo_cr.jpg,360,360,C:\Users\Администратор\Desktop\ML\foto\1\1205\1_27_cell_photo_cr.jpg
3,196,287,1_27_cell_photo_cr.jpg,360,360,C:\Users\Администратор\Desktop\ML\foto\1\1205\1_27_cell_photo_cr.jpg
1,142,179,1_28_cell_photo_cr.jpg,360,360,C:\Users\Администратор\Desktop\ML\foto\1\1205\1_28_cell_photo_cr.jpg
2,69,34,1_28_cell_photo_cr.jpg,360,360,C:\Users\Администратор\Desktop\ML\foto\1\1205\1_28_cell_photo_cr.jpg
3,253,327,1_28_cell_photo_cr.jpg,360,360,C:\Users\Администратор\Desktop\ML\foto\1\1205\1_28_cell_photo_cr.jpg
1,158,237,1_29_cell_photo_cr.jpg,360,360,C:\Users\Администратор\Desktop\ML\foto\1\1205\1_29_cell_photo_cr.jpg
2,136,4,1_29_cell_photo_cr.jpg,360,360,C:\Users\Администратор\Desktop\ML\foto\1\1205\1_29_cell_photo_cr.jpg
3,52,349,1_29_cell_photo_cr.jpg,360,360,C:\Users\Администратор\Desktop\ML\foto\1\1205\1_29_cell_photo_cr.jpg
1,175,141,1_30_cell_photo_cr.jpg,360,360,C:\Users\Администратор\Desktop\ML\foto\1\1205\1_30_cell_photo_cr.jpg
1,100,197,1_31_cell_photo_cr.jpg,360,360,C:\Users\Администратор\Desktop\ML\foto\1\1205\1_31_cell_photo_cr.jpg
2,55,83,1_31_cell_photo_cr.jpg,360,360,C:\Users\Администратор\Desktop\ML\foto\1\1205\1_31_cell_photo_cr.jpg
3,207,302,1_31_cell_photo_cr.jpg,360,360,C:\Users\Администратор\Desktop\ML\foto\1\1205\1_31_cell_photo_cr.jpg
1,229,296,1_32_cell_photo_cr.jpg,360,360,C:\Users\Администратор\Desktop\ML\foto\1\1205\1_32_cell_photo_cr.jpg
2,218,263,1_32_cell_photo_cr.jpg,360,360,C:\Users\Администратор\Desktop\ML\foto\1\1205\1_32_cell_photo_cr.jpg
3,225,337,1_32_cell_photo_cr.jpg,360,360,C:\Users\Администратор\Desktop\ML\foto\1\1205\1_32_cell_photo_cr.jpg
1,121,162,1_33_cell_photo_cr.jpg,360,360,C:\Users\Администратор\Desktop\ML\foto\1\1205\1_33_cell_photo_cr.jpg
2,186,64,1_33_cell_photo_cr.jpg,360,360,C:\Users\Администратор\Desktop\ML\foto\1\1205\1_33_cell_photo_cr.jpg
3,62,242,1_33_cell_photo_cr.jpg,360,360,C:\Users\Администратор\Desktop\ML\foto\1\1205\1_33_cell_photo_cr.jpg
1,135,202,1_34_cell_photo_cr.jpg,360,360,C:\Users\Администратор\Desktop\ML\foto\1\1205\1_34_cell_photo_cr.jpg
2,161,91,1_34_cell_photo_cr.jpg,360,360,C:\Users\Администратор\Desktop\ML\foto\1\1205\1_34_cell_photo_cr.jpg
3,77,294,1_34_cell_photo_cr.jpg,360,360,C:\Users\Администратор\Desktop\ML\foto\1\1205\1_34_cell_photo_cr.jpg
1,53,200,1_35_cell_photo_cr.jpg,360,360,C:\Users\Администратор\Desktop\ML\foto\1\1205\1_35_cell_photo_cr.jpg
1,166,289,1_36_cell_photo_cr.jpg,360,360,C:\Users\Администратор\Desktop\ML\foto\1\1205\1_36_cell_photo_cr.jpg
2,316,220,1_36_cell_photo_cr.jpg,360,360,C:\Users\Администратор\Desktop\ML\foto\1\1205\1_36_cell_photo_cr.jpg
3,39,344,1_36_cell_photo_cr.jpg,360,360,C:\Users\Администратор\Desktop\ML\foto\1\1205\1_36_cell_photo_cr.jpg
1,181,257,1_37_cell_photo_cr.jpg,360,360,C:\Users\Администратор\Desktop\ML\foto\1\1205\1_37_cell_photo_cr.jpg
2,318,352,1_37_cell_photo_cr.jpg,360,360,C:\Users\Администратор\Desktop\ML\foto\1\1205\1_37_cell_photo_cr.jpg
3,6,224,1_37_cell_photo_cr.jpg,360,360,C:\Users\Администратор\Desktop\ML\foto\1\1205\1_37_cell_photo_cr.jpg
1,203,216,1_38_cell_photo_cr.jpg,360,360,C:\Users\Администратор\Desktop\ML\foto\1\1205\1_38_cell_photo_cr.jpg
2,213,177,1_38_cell_photo_cr.jpg,360,360,C:\Users\Администратор\Desktop\ML\foto\1\1205\1_38_cell_photo_cr.jpg
3,174,285,1_38_cell_photo_cr.jpg,360,360,C:\Users\Администратор\Desktop\ML\foto\1\1205\1_38_cell_photo_cr.jpg
1,104,185,1_39_cell_photo_cr.jpg,360,360,C:\Users\Администратор\Desktop\ML\foto\1\1205\1_39_cell_photo_cr.jpg
2,34,213,1_39_cell_photo_cr.jpg,360,360,C:\Users\Администратор\Desktop\ML\foto\1\1205\1_39_cell_photo_cr.jpg
1,188,221,1_40_cell_photo_cr.jpg,360,360,C:\Users\Администратор\Desktop\ML\foto\1\1205\1_40_cell_photo_cr.jpg
2,292,95,1_40_cell_photo_cr.jpg,360,360,C:\Users\Администратор\Desktop\ML\foto\1\1205\1_40_cell_photo_cr.jpg
3,180,337,1_40_cell_photo_cr.jpg,360,360,C:\Users\Администратор\Desktop\ML\foto\1\1205\1_40_cell_photo_cr.jpg
1,162,212,1_41_cell_photo_cr.jpg,360,360,C:\Users\Администратор\Desktop\ML\foto\1\1205\1_41_cell_photo_cr.jpg
2,284,254,1_41_cell_photo_cr.jpg,360,360,C:\Users\Администратор\Desktop\ML\foto\1\1205\1_41_cell_photo_cr.jpg
3,59,165,1_41_cell_photo_cr.jpg,360,360,C:\Users\Администратор\Desktop\ML\foto\1\1205\1_41_cell_photo_cr.jpg
1,158,215,1_42_cell_photo_cr.jpg,360,360,C:\Users\Администратор\Desktop\ML\foto\1\1205\1_42_cell_photo_cr.jpg
2,318,48,1_42_cell_photo_cr.jpg,360,360,C:\Users\Администратор\Desktop\ML\foto\1\1205\1_42_cell_photo_cr.jpg
3,87,344,1_42_cell_photo_cr.jpg,360,360,C:\Users\Администратор\Desktop\ML\foto\1\1205\1_42_cell_photo_cr.jpg
1,190,244,1_43_cell_photo_cr.jpg,360,360,C:\Users\Администратор\Desktop\ML\foto\1\1205\1_43_cell_photo_cr.jpg
2,345,208,1_43_cell_photo_cr.jpg,360,360,C:\Users\Администратор\Desktop\ML\foto\1\1205\1_43_cell_photo_cr.jpg
3,39,250,1_43_cell_photo_cr.jpg,360,360,C:\Users\Администратор\Desktop\ML\foto\1\1205\1_43_cell_photo_cr.jpg
1,141,232,1_44_cell_photo_cr.jpg,360,360,C:\Users\Администратор\Desktop\ML\foto\1\1205\1_44_cell_photo_cr.jpg
2,315,273,1_44_cell_photo_cr.jpg,360,360,C:\Users\Администратор\Desktop\ML\foto\1\1205\1_44_cell_photo_cr.jpg
3,7,214,1_44_cell_photo_cr.jpg,360,360,C:\Users\Администратор\Desktop\ML\foto\1\1205\1_44_cell_photo_cr.jpg
1,180,181,1_45_cell_photo_cr.jpg,360,360,C:\Users\Администратор\Desktop\ML\foto\1\1205\1_45_cell_photo_cr.jpg
1,180,143,1_46_cell_photo_cr.jpg,360,360,C:\Users\Администратор\Desktop\ML\foto\1\1205\1_46_cell_photo_cr.jpg
1,206,262,1_47_cell_photo_cr.jpg,360,360,C:\Users\Администратор\Desktop\ML\foto\1\1205\1_47_cell_photo_cr.jpg
2,269,244,1_47_cell_photo_cr.jpg,360,360,C:\Users\Администратор\Desktop\ML\foto\1\1205\1_47_cell_photo_cr.jpg
3,170,279,1_47_cell_photo_cr.jpg,360,360,C:\Users\Администратор\Desktop\ML\foto\1\1205\1_47_cell_photo_cr.jpg
1,106,210,1_48_cell_photo_cr.jpg,360,360,C:\Users\Администратор\Desktop\ML\foto\1\1205\1_48_cell_photo_cr.jpg
2,193,332,1_48_cell_photo_cr.jpg,360,360,C:\Users\Администратор\Desktop\ML\foto\1\1205\1_48_cell_photo_cr.jpg
3,34,86,1_48_cell_photo_cr.jpg,360,360,C:\Users\Администратор\Desktop\ML\foto\1\1205\1_48_cell_photo_cr.jpg
1,150,129,1_49_cell_photo_cr.jpg,360,360,C:\Users\Администратор\Desktop\ML\foto\1\1205\1_49_cell_photo_cr.jpg
2,20,64,1_49_cell_photo_cr.jpg,360,360,C:\Users\Администратор\Desktop\ML\foto\1\1205\1_49_cell_photo_cr.jpg
3,241,201,1_49_cell_photo_cr.jpg,360,360,C:\Users\Администратор\Desktop\ML\foto\1\1205\1_49_cell_photo_cr.jpg
1,267,144,1_50_cell_photo_cr.jpg,360,360,C:\Users\Администратор\Desktop\ML\foto\1\1205\1_50_cell_photo_cr.jpg
2,298,11,1_50_cell_photo_cr.jpg,360,360,C:\Users\Администратор\Desktop\ML\foto\1\1205\1_50_cell_photo_cr.jpg
3,213,249,1_50_cell_photo_cr.jpg,360,360,C:\Users\Администратор\Desktop\ML\foto\1\1205\1_50_cell_photo_cr.jpg
1,130,143,1_10_cell_photo_cr.jpg,360,360,C:\Users\Администратор\Desktop\ML\foto\1\1305\1_10_cell_photo_cr.jpg
2,265,357,1_10_cell_photo_cr.jpg,360,360,C:\Users\Администратор\Desktop\ML\foto\1\1305\1_10_cell_photo_cr.jpg
3,10,6,1_10_cell_photo_cr.jpg,360,360,C:\Users\Администратор\Desktop\ML\foto\1\1305\1_10_cell_photo_cr.jpg
1,211,154,1_11_cell_photo_cr.jpg,360,360,C:\Users\Администратор\Desktop\ML\foto\1\1305\1_11_cell_photo_cr.jpg
1,272,82,1_12_cell_photo_cr.jpg,360,360,C:\Users\Администратор\Desktop\ML\foto\1\1305\1_12_cell_photo_cr.jpg
2,338,204,1_12_cell_photo_cr.jpg,360,360,C:\Users\Администратор\Desktop\ML\foto\1\1305\1_12_cell_photo_cr.jpg
3,297,4,1_12_cell_photo_cr.jpg,360,360,C:\Users\Администратор\Desktop\ML\foto\1\1305\1_12_cell_photo_cr.jpg
1,163,167,1_13_cell_photo_cr.jpg,360,360,C:\Users\Администратор\Desktop\ML\foto\1\1305\1_13_cell_photo_cr.jpg
2,270,68,1_13_cell_photo_cr.jpg,360,360,C:\Users\Администратор\Desktop\ML\foto\1\1305\1_13_cell_photo_cr.jpg
3,50,308,1_13_cell_photo_cr.jpg,360,360,C:\Users\Администратор\Desktop\ML\foto\1\1305\1_13_cell_photo_cr.jpg
1,185,140,1_14_cell_photo_cr.jpg,360,360,C:\Users\Администратор\Desktop\ML\foto\1\1305\1_14_cell_photo_cr.jpg
2,313,130,1_14_cell_photo_cr.jpg,360,360,C:\Users\Администратор\Desktop\ML\foto\1\1305\1_14_cell_photo_cr.jpg
3,37,190,1_14_cell_photo_cr.jpg,360,360,C:\Users\Администратор\Desktop\ML\foto\1\1305\1_14_cell_photo_cr.jpg
1,255,177,1_15_cell_photo_cr.jpg,360,360,C:\Users\Администратор\Desktop\ML\foto\1\1305\1_15_cell_photo_cr.jpg
2,224,42,1_15_cell_photo_cr.jpg,360,360,C:\Users\Администратор\Desktop\ML\foto\1\1305\1_15_cell_photo_cr.jpg
3,248,301,1_15_cell_photo_cr.jpg,360,360,C:\Users\Администратор\Desktop\ML\foto\1\1305\1_15_cell_photo_cr.jpg
1,195,184,1_16_cell_photo_cr.jpg,360,360,C:\Users\Администратор\Desktop\ML\foto\1\1305\1_16_cell_photo_cr.jpg
2,312,33,1_16_cell_photo_cr.jpg,360,360,C:\Users\Администратор\Desktop\ML\foto\1\1305\1_16_cell_photo_cr.jpg
3,114,356,1_16_cell_photo_cr.jpg,360,360,C:\Users\Администратор\Desktop\ML\foto\1\1305\1_16_cell_photo_cr.jpg
1,183,177,1_17_cell_photo_cr.jpg,360,360,C:\Users\Администратор\Desktop\ML\foto\1\1305\1_17_cell_photo_cr.jpg
1,7,232,1_18_cell_photo_cr.jpg,360,360,C:\Users\Администратор\Desktop\ML\foto\1\1305\1_18_cell_photo_cr.jpg
2,79,189,1_18_cell_photo_cr.jpg,360,360,C:\Users\Администратор\Desktop\ML\foto\1\1305\1_18_cell_photo_cr.jpg
1,282,177,1_19_cell_photo_cr.jpg,360,360,C:\Users\Администратор\Desktop\ML\foto\1\1305\1_19_cell_photo_cr.jpg
2,263,73,1_19_cell_photo_cr.jpg,360,360,C:\Users\Администратор\Desktop\ML\foto\1\1305\1_19_cell_photo_cr.jpg
3,357,202,1_19_cell_photo_cr.jpg,360,360,C:\Users\Администратор\Desktop\ML\foto\1\1305\1_19_cell_photo_cr.jpg
1,69,189,1_1_cell_photo_cr.jpg,360,360,C:\Users\Администратор\Desktop\ML\foto\1\1305\1_1_cell_photo_cr.jpg
2,65,45,1_1_cell_photo_cr.jpg,360,360,C:\Users\Администратор\Desktop\ML\foto\1\1305\1_1_cell_photo_cr.jpg
3,120,332,1_1_cell_photo_cr.jpg,360,360,C:\Users\Администратор\Desktop\ML\foto\1\1305\1_1_cell_photo_cr.jpg
1,187,175,1_20_cell_photo_cr.jpg,360,360,C:\Users\Администратор\Desktop\ML\foto\1\1305\1_20_cell_photo_cr.jpg
2,322,101,1_20_cell_photo_cr.jpg,360,360,C:\Users\Администратор\Desktop\ML\foto\1\1305\1_20_cell_photo_cr.jpg
3,35,222,1_20_cell_photo_cr.jpg,360,360,C:\Users\Администратор\Desktop\ML\foto\1\1305\1_20_cell_photo_cr.jpg
1,188,116,1_21_cell_photo_cr.jpg,360,360,C:\Users\Администратор\Desktop\ML\foto\1\1305\1_21_cell_photo_cr.jpg
2,158,75,1_21_cell_photo_cr.jpg,360,360,C:\Users\Администратор\Desktop\ML\foto\1\1305\1_21_cell_photo_cr.jpg
3,320,116,1_21_cell_photo_cr.jpg,360,360,C:\Users\Администратор\Desktop\ML\foto\1\1305\1_21_cell_photo_cr.jpg
1,94,155,1_22_cell_photo_cr.jpg,360,360,C:\Users\Администратор\Desktop\ML\foto\1\1305\1_22_cell_photo_cr.jpg
2,159,3,1_22_cell_photo_cr.jpg,360,360,C:\Users\Администратор\Desktop\ML\foto\1\1305\1_22_cell_photo_cr.jpg
3,112,1,1_22_cell_photo_cr.jpg,360,360,C:\Users\Администратор\Desktop\ML\foto\1\1305\1_22_cell_photo_cr.jpg
4,123,356,1_22_cell_photo_cr.jpg,360,360,C:\Users\Администратор\Desktop\ML\foto\1\1305\1_22_cell_photo_cr.jpg
1,96,280,1_23_cell_photo_cr.jpg,360,360,C:\Users\Администратор\Desktop\ML\foto\1\1305\1_23_cell_photo_cr.jpg
1,27,155,1_24_cell_photo_cr.jpg,360,360,C:\Users\Администратор\Desktop\ML\foto\1\1305\1_24_cell_photo_cr.jpg
2,92,224,1_24_cell_photo_cr.jpg,360,360,C:\Users\Администратор\Desktop\ML\foto\1\1305\1_24_cell_photo_cr.jpg
1,182,255,1_25_cell_photo_cr.jpg,360,360,C:\Users\Администратор\Desktop\ML\foto\1\1305\1_25_cell_photo_cr.jpg
2,2,236,1_25_cell_photo_cr.jpg,360,360,C:\Users\Администратор\Desktop\ML\foto\1\1305\1_25_cell_photo_cr.jpg
3,334,255,1_25_cell_photo_cr.jpg,360,360,C:\Users\Администратор\Desktop\ML\foto\1\1305\1_25_cell_photo_cr.jpg
1,145,189,1_26_cell_photo_cr.jpg,360,360,C:\Users\Администратор\Desktop\ML\foto\1\1305\1_26_cell_photo_cr.jpg
2,156,19,1_26_cell_photo_cr.jpg,360,360,C:\Users\Администратор\Desktop\ML\foto\1\1305\1_26_cell_photo_cr.jpg
3,157,297,1_26_cell_photo_cr.jpg,360,360,C:\Users\Администратор\Desktop\ML\foto\1\1305\1_26_cell_photo_cr.jpg
1,262,147,1_27_cell_photo_cr.jpg,360,360,C:\Users\Администратор\Desktop\ML\foto\1\1305\1_27_cell_photo_cr.jpg
2,156,36,1_27_cell_photo_cr.jpg,360,360,C:\Users\Администратор\Desktop\ML\foto\1\1305\1_27_cell_photo_cr.jpg
3,323,253,1_27_cell_photo_cr.jpg,360,360,C:\Users\Администратор\Desktop\ML\foto\1\1305\1_27_cell_photo_cr.jpg
1,265,189,1_28_cell_photo_cr.jpg,360,360,C:\Users\Администратор\Desktop\ML\foto\1\1305\1_28_cell_photo_cr.jpg
2,154,29,1_28_cell_photo_cr.jpg,360,360,C:\Users\Администратор\Desktop\ML\foto\1\1305\1_28_cell_photo_cr.jpg
3,309,280,1_28_cell_photo_cr.jpg,360,360,C:\Users\Администратор\Desktop\ML\foto\1\1305\1_28_cell_photo_cr.jpg
1,203,152,1_29_cell_photo_cr.jpg,360,360,C:\Users\Администратор\Desktop\ML\foto\1\1305\1_29_cell_photo_cr.jpg
2,330,6,1_29_cell_photo_cr.jpg,360,360,C:\Users\Администратор\Desktop\ML\foto\1\1305\1_29_cell_photo_cr.jpg
3,35,354,1_29_cell_photo_cr.jpg,360,360,C:\Users\Администратор\Desktop\ML\foto\1\1305\1_29_cell_photo_cr.jpg
1,208,172,1_2_cell_photo_cr.jpg,360,360,C:\Users\Администратор\Desktop\ML\foto\1\1305\1_2_cell_photo_cr.jpg
2,243,40,1_2_cell_photo_cr.jpg,360,360,C:\Users\Администратор\Desktop\ML\foto\1\1305\1_2_cell_photo_cr.jpg
3,245,290,1_2_cell_photo_cr.jpg,360,360,C:\Users\Администратор\Desktop\ML\foto\1\1305\1_2_cell_photo_cr.jpg
1,178,148,1_30_cell_photo_cr.jpg,360,360,C:\Users\Администратор\Desktop\ML\foto\1\1305\1_30_cell_photo_cr.jpg
1,221,167,1_31_cell_photo_cr.jpg,360,360,C:\Users\Администратор\Desktop\ML\foto\1\1305\1_31_cell_photo_cr.jpg
2,141,14,1_31_cell_photo_cr.jpg,360,360,C:\Users\Администратор\Desktop\ML\foto\1\1305\1_31_cell_photo_cr.jpg
3,315,259,1_31_cell_photo_cr.jpg,360,360,C:\Users\Администратор\Desktop\ML\foto\1\1305\1_31_cell_photo_cr.jpg
1,196,277,1_32_cell_photo_cr.jpg,360,360,C:\Users\Администратор\Desktop\ML\foto\1\1305\1_32_cell_photo_cr.jpg
2,195,244,1_32_cell_photo_cr.jpg,360,360,C:\Users\Администратор\Desktop\ML\foto\1\1305\1_32_cell_photo_cr.jpg
3,207,318,1_32_cell_photo_cr.jpg,360,360,C:\Users\Администратор\Desktop\ML\foto\1\1305\1_32_cell_photo_cr.jpg
1,148,134,1_33_cell_photo_cr.jpg,360,360,C:\Users\Администратор\Desktop\ML\foto\1\1305\1_33_cell_photo_cr.jpg
2,246,56,1_33_cell_photo_cr.jpg,360,360,C:\Users\Администратор\Desktop\ML\foto\1\1305\1_33_cell_photo_cr.jpg
3,66,234,1_33_cell_photo_cr.jpg,360,360,C:\Users\Администратор\Desktop\ML\foto\1\1305\1_33_cell_photo_cr.jpg
1,190,178,1_34_cell_photo_cr.jpg,360,360,C:\Users\Администратор\Desktop\ML\foto\1\1305\1_34_cell_photo_cr.jpg
2,249,73,1_34_cell_photo_cr.jpg,360,360,C:\Users\Администратор\Desktop\ML\foto\1\1305\1_34_cell_photo_cr.jpg
3,139,282,1_34_cell_photo_cr.jpg,360,360,C:\Users\Администратор\Desktop\ML\foto\1\1305\1_34_cell_photo_cr.jpg
1,34,209,1_35_cell_photo_cr.jpg,360,360,C:\Users\Администратор\Desktop\ML\foto\1\1305\1_35_cell_photo_cr.jpg
1,236,217,1_36_cell_photo_cr.jpg,360,360,C:\Users\Администратор\Desktop\ML\foto\1\1305\1_36_cell_photo_cr.jpg
2,327,157,1_36_cell_photo_cr.jpg,360,360,C:\Users\Администратор\Desktop\ML\foto\1\1305\1_36_cell_photo_cr.jpg
3,91,324,1_36_cell_photo_cr.jpg,360,360,C:\Users\Администратор\Desktop\ML\foto\1\1305\1_36_cell_photo_cr.jpg
1,193,204,1_37_cell_photo_cr.jpg,360,360,C:\Users\Администратор\Desktop\ML\foto\1\1305\1_37_cell_photo_cr.jpg
2,1,210,1_37_cell_photo_cr.jpg,360,360,C:\Users\Администратор\Desktop\ML\foto\1\1305\1_37_cell_photo_cr.jpg
3,358,259,1_37_cell_photo_cr.jpg,360,360,C:\Users\Администратор\Desktop\ML\foto\1\1305\1_37_cell_photo_cr.jpg
1,179,197,1_38_cell_photo_cr.jpg,360,360,C:\Users\Администратор\Desktop\ML\foto\1\1305\1_38_cell_photo_cr.jpg
2,201,140,1_38_cell_photo_cr.jpg,360,360,C:\Users\Администратор\Desktop\ML\foto\1\1305\1_38_cell_photo_cr.jpg
3,155,262,1_38_cell_photo_cr.jpg,360,360,C:\Users\Администратор\Desktop\ML\foto\1\1305\1_38_cell_photo_cr.jpg
1,209,129,1_39_cell_photo_cr.jpg,360,360,C:\Users\Администратор\Desktop\ML\foto\1\1305\1_39_cell_photo_cr.jpg
2,134,185,1_39_cell_photo_cr.jpg,360,360,C:\Users\Администратор\Desktop\ML\foto\1\1305\1_39_cell_photo_cr.jpg
3,293,103,1_39_cell_photo_cr.jpg,360,360,C:\Users\Администратор\Desktop\ML\foto\1\1305\1_39_cell_photo_cr.jpg
1,215,152,1_3_cell_photo_cr.jpg,360,360,C:\Users\Администратор\Desktop\ML\foto\1\1305\1_3_cell_photo_cr.jpg
2,92,43,1_3_cell_photo_cr.jpg,360,360,C:\Users\Администратор\Desktop\ML\foto\1\1305\1_3_cell_photo_cr.jpg
3,308,230,1_3_cell_photo_cr.jpg,360,360,C:\Users\Администратор\Desktop\ML\foto\1\1305\1_3_cell_photo_cr.jpg
1,237,170,1_40_cell_photo_cr.jpg,360,360,C:\Users\Администратор\Desktop\ML\foto\1\1305\1_40_cell_photo_cr.jpg
2,335,78,1_40_cell_photo_cr.jpg,360,360,C:\Users\Администратор\Desktop\ML\foto\1\1305\1_40_cell_photo_cr.jpg
3,180,349,1_40_cell_photo_cr.jpg,360,360,C:\Users\Администратор\Desktop\ML\foto\1\1305\1_40_cell_photo_cr.jpg
1,173,173,1_41_cell_photo_cr.jpg,360,360,C:\Users\Администратор\Desktop\ML\foto\1\1305\1_41_cell_photo_cr.jpg
2,57,149,1_41_cell_photo_cr.jpg,360,360,C:\Users\Администратор\Desktop\ML\foto\1\1305\1_41_cell_photo_cr.jpg
3,293,211,1_41_cell_photo_cr.jpg,360,360,C:\Users\Администратор\Desktop\ML\foto\1\1305\1_41_cell_photo_cr.jpg
1,178,142,1_42_cell_photo_cr.jpg,360,360,C:\Users\Администратор\Desktop\ML\foto\1\1305\1_42_cell_photo_cr.jpg
2,295,17,1_42_cell_photo_cr.jpg,360,360,C:\Users\Администратор\Desktop\ML\foto\1\1305\1_42_cell_photo_cr.jpg
3,178,356,1_42_cell_photo_cr.jpg,360,360,C:\Users\Администратор\Desktop\ML\foto\1\1305\1_42_cell_photo_cr.jpg
1,186,199,1_43_cell_photo_cr.jpg,360,360,C:\Users\Администратор\Desktop\ML\foto\1\1305\1_43_cell_photo_cr.jpg
2,81,222,1_43_cell_photo_cr.jpg,360,360,C:\Users\Администратор\Desktop\ML\foto\1\1305\1_43_cell_photo_cr.jpg
3,285,157,1_43_cell_photo_cr.jpg,360,360,C:\Users\Администратор\Desktop\ML\foto\1\1305\1_43_cell_photo_cr.jpg
1,190,233,1_44_cell_photo_cr.jpg,360,360,C:\Users\Администратор\Desktop\ML\foto\1\1305\1_44_cell_photo_cr.jpg
2,72,247,1_44_cell_photo_cr.jpg,360,360,C:\Users\Администратор\Desktop\ML\foto\1\1305\1_44_cell_photo_cr.jpg
3,308,237,1_44_cell_photo_cr.jpg,360,360,C:\Users\Администратор\Desktop\ML\foto\1\1305\1_44_cell_photo_cr.jpg
1,179,185,1_45_cell_photo_cr.jpg,360,360,C:\Users\Администратор\Desktop\ML\foto\1\1305\1_45_cell_photo_cr.jpg
1,185,153,1_46_cell_photo_cr.jpg,360,360,C:\Users\Администратор\Desktop\ML\foto\1\1305\1_46_cell_photo_cr.jpg
1,181,222,1_47_cell_photo_cr.jpg,360,360,C:\Users\Администратор\Desktop\ML\foto\1\1305\1_47_cell_photo_cr.jpg
2,300,201,1_47_cell_photo_cr.jpg,360,360,C:\Users\Администратор\Desktop\ML\foto\1\1305\1_47_cell_photo_cr.jpg
1,183,195,1_48_cell_photo_cr.jpg,360,360,C:\Users\Администратор\Desktop\ML\foto\1\1305\1_48_cell_photo_cr.jpg
2,133,23,1_48_cell_photo_cr.jpg,360,360,C:\Users\Администратор\Desktop\ML\foto\1\1305\1_48_cell_photo_cr.jpg
3,276,274,1_48_cell_photo_cr.jpg,360,360,C:\Users\Администратор\Desktop\ML\foto\1\1305\1_48_cell_photo_cr.jpg
1,144,169,1_49_cell_photo_cr.jpg,360,360,C:\Users\Администратор\Desktop\ML\foto\1\1305\1_49_cell_photo_cr.jpg
2,45,75,1_49_cell_photo_cr.jpg,360,360,C:\Users\Администратор\Desktop\ML\foto\1\1305\1_49_cell_photo_cr.jpg
3,240,241,1_49_cell_photo_cr.jpg,360,360,C:\Users\Администратор\Desktop\ML\foto\1\1305\1_49_cell_photo_cr.jpg
1,167,177,1_4_cell_photo_cr.jpg,360,360,C:\Users\Администратор\Desktop\ML\foto\1\1305\1_4_cell_photo_cr.jpg
2,142,9,1_4_cell_photo_cr.jpg,360,360,C:\Users\Администратор\Desktop\ML\foto\1\1305\1_4_cell_photo_cr.jpg
3,155,318,1_4_cell_photo_cr.jpg,360,360,C:\Users\Администратор\Desktop\ML\foto\1\1305\1_4_cell_photo_cr.jpg
1,166,148,1_50_cell_photo_cr.jpg,360,360,C:\Users\Администратор\Desktop\ML\foto\1\1305\1_50_cell_photo_cr.jpg
2,215,14,1_50_cell_photo_cr.jpg,360,360,C:\Users\Администратор\Desktop\ML\foto\1\1305\1_50_cell_photo_cr.jpg
3,123,277,1_50_cell_photo_cr.jpg,360,360,C:\Users\Администратор\Desktop\ML\foto\1\1305\1_50_cell_photo_cr.jpg
1,170,130,1_5_cell_photo_cr.jpg,360,360,C:\Users\Администратор\Desktop\ML\foto\1\1305\1_5_cell_photo_cr.jpg
2,215,58,1_5_cell_photo_cr.jpg,360,360,C:\Users\Администратор\Desktop\ML\foto\1\1305\1_5_cell_photo_cr.jpg
3,108,232,1_5_cell_photo_cr.jpg,360,360,C:\Users\Администратор\Desktop\ML\foto\1\1305\1_5_cell_photo_cr.jpg
1,61,269,1_6_cell_photo_cr.jpg,360,360,C:\Users\Администратор\Desktop\ML\foto\1\1305\1_6_cell_photo_cr.jpg
1,153,219,1_7_cell_photo_cr.jpg,360,360,C:\Users\Администратор\Desktop\ML\foto\1\1305\1_7_cell_photo_cr.jpg
2,272,192,1_7_cell_photo_cr.jpg,360,360,C:\Users\Администратор\Desktop\ML\foto\1\1305\1_7_cell_photo_cr.jpg
3,24,182,1_7_cell_photo_cr.jpg,360,360,C:\Users\Администратор\Desktop\ML\foto\1\1305\1_7_cell_photo_cr.jpg
1,188,200,1_8_cell_photo_cr.jpg,360,360,C:\Users\Администратор\Desktop\ML\foto\1\1305\1_8_cell_photo_cr.jpg
2,198,274,1_8_cell_photo_cr.jpg,360,360,C:\Users\Администратор\Desktop\ML\foto\1\1305\1_8_cell_photo_cr.jpg
3,212,172,1_8_cell_photo_cr.jpg,360,360,C:\Users\Администратор\Desktop\ML\foto\1\1305\1_8_cell_photo_cr.jpg
1,200,179,1_9_cell_photo_cr.jpg,360,360,C:\Users\Администратор\Desktop\ML\foto\1\1305\1_9_cell_photo_cr.jpg
2,110,5,1_9_cell_photo_cr.jpg,360,360,C:\Users\Администратор\Desktop\ML\foto\1\1305\1_9_cell_photo_cr.jpg
3,278,309,1_9_cell_photo_cr.jpg,360,360,C:\Users\Администратор\Desktop\ML\foto\1\1305\1_9_cell_photo_cr.jpg
1,66,269,1_1_cell_photo_cr.jpg,360,360,C:\Users\Администратор\Desktop\ML\foto\1\1405\1_1_cell_photo_cr.jpg
2,107,86,1_1_cell_photo_cr.jpg,360,360,C:\Users\Администратор\Desktop\ML\foto\1\1405\1_1_cell_photo_cr.jpg
3,50,357,1_1_cell_photo_cr.jpg,360,360,C:\Users\Администратор\Desktop\ML\foto\1\1405\1_1_cell_photo_cr.jpg
1,109,167,1_2_cell_photo_cr.jpg,360,360,C:\Users\Администратор\Desktop\ML\foto\1\1405\1_2_cell_photo_cr.jpg
2,86,41,1_2_cell_photo_cr.jpg,360,360,C:\Users\Администратор\Desktop\ML\foto\1\1405\1_2_cell_photo_cr.jpg
3,40,254,1_2_cell_photo_cr.jpg,360,360,C:\Users\Администратор\Desktop\ML\foto\1\1405\1_2_cell_photo_cr.jpg
1,120,150,1_3_cell_photo_cr.jpg,360,360,C:\Users\Администратор\Desktop\ML\foto\1\1405\1_3_cell_photo_cr.jpg
2,229,240,1_3_cell_photo_cr.jpg,360,360,C:\Users\Администратор\Desktop\ML\foto\1\1405\1_3_cell_photo_cr.jpg
3,44,81,1_3_cell_photo_cr.jpg,360,360,C:\Users\Администратор\Desktop\ML\foto\1\1405\1_3_cell_photo_cr.jpg
1,81,145,1_4_cell_photo_cr.jpg,360,360,C:\Users\Администратор\Desktop\ML\foto\1\1405\1_4_cell_photo_cr.jpg
2,35,39,1_4_cell_photo_cr.jpg,360,360,C:\Users\Администратор\Desktop\ML\foto\1\1405\1_4_cell_photo_cr.jpg
3,82,279,1_4_cell_photo_cr.jpg,360,360,C:\Users\Администратор\Desktop\ML\foto\1\1405\1_4_cell_photo_cr.jpg
1,143,126,1_5_cell_photo_cr.jpg,360,360,C:\Users\Администратор\Desktop\ML\foto\1\1405\1_5_cell_photo_cr.jpg
2,216,59,1_5_cell_photo_cr.jpg,360,360,C:\Users\Администратор\Desktop\ML\foto\1\1405\1_5_cell_photo_cr.jpg
3,70,224,1_5_cell_photo_cr.jpg,360,360,C:\Users\Администратор\Desktop\ML\foto\1\1405\1_5_cell_photo_cr.jpg
1,51,223,1_6_cell_photo_cr.jpg,360,360,C:\Users\Администратор\Desktop\ML\foto\1\1405\1_6_cell_photo_cr.jpg
2,58,264,1_6_cell_photo_cr.jpg,360,360,C:\Users\Администратор\Desktop\ML\foto\1\1405\1_6_cell_photo_cr.jpg
1,108,212,1_7_cell_photo_cr.jpg,360,360,C:\Users\Администратор\Desktop\ML\foto\1\1405\1_7_cell_photo_cr.jpg
2,245,202,1_7_cell_photo_cr.jpg,360,360,C:\Users\Администратор\Desktop\ML\foto\1\1405\1_7_cell_photo_cr.jpg
3,10,172,1_7_cell_photo_cr.jpg,360,360,C:\Users\Администратор\Desktop\ML\foto\1\1405\1_7_cell_photo_cr.jpg
1,123,183,1_8_cell_photo_cr.jpg,360,360,C:\Users\Администратор\Desktop\ML\foto\1\1405\1_8_cell_photo_cr.jpg
2,135,139,1_8_cell_photo_cr.jpg,360,360,C:\Users\Администратор\Desktop\ML\foto\1\1405\1_8_cell_photo_cr.jpg
3,105,257,1_8_cell_photo_cr.jpg,360,360,C:\Users\Администратор\Desktop\ML\foto\1\1405\1_8_cell_photo_cr.jpg
1,133,150,1_9_cell_photo_cr.jpg,360,360,C:\Users\Администратор\Desktop\ML\foto\1\1405\1_9_cell_photo_cr.jpg
2,10,54,1_9_cell_photo_cr.jpg,360,360,C:\Users\Администратор\Desktop\ML\foto\1\1405\1_9_cell_photo_cr.jpg
3,211,297,1_9_cell_photo_cr.jpg,360,360,C:\Users\Администратор\Desktop\ML\foto\1\1405\1_9_cell_photo_cr.jpg
1,110,107,1_10_cell_photo_cr.jpg,360,360,C:\Users\Администратор\Desktop\ML\foto\1\1405\1_10_cell_photo_cr.jpg
1,51,76,1_11_cell_photo_cr.jpg,360,360,C:\Users\Администратор\Desktop\ML\foto\1\1405\1_11_cell_photo_cr.jpg
1,178,117,1_12_cell_photo_cr.jpg,360,360,C:\Users\Администратор\Desktop\ML\foto\1\1405\1_12_cell_photo_cr.jpg
2,190,260,1_12_cell_photo_cr.jpg,360,360,C:\Users\Администратор\Desktop\ML\foto\1\1405\1_12_cell_photo_cr.jpg
3,110,31,1_12_cell_photo_cr.jpg,360,360,C:\Users\Администратор\Desktop\ML\foto\1\1405\1_12_cell_photo_cr.jpg
1,139,178,1_13_cell_photo_cr.jpg,360,360,C:\Users\Администратор\Desktop\ML\foto\1\1405\1_13_cell_photo_cr.jpg
2,242,84,1_13_cell_photo_cr.jpg,360,360,C:\Users\Администратор\Desktop\ML\foto\1\1405\1_13_cell_photo_cr.jpg
3,24,282,1_13_cell_photo_cr.jpg,360,360,C:\Users\Администратор\Desktop\ML\foto\1\1405\1_13_cell_photo_cr.jpg
1,143,139,1_14_cell_photo_cr.jpg,360,360,C:\Users\Администратор\Desktop\ML\foto\1\1405\1_14_cell_photo_cr.jpg
2,305,157,1_14_cell_photo_cr.jpg,360,360,C:\Users\Администратор\Desktop\ML\foto\1\1405\1_14_cell_photo_cr.jpg
3,32,161,1_14_cell_photo_cr.jpg,360,360,C:\Users\Администратор\Desktop\ML\foto\1\1405\1_14_cell_photo_cr.jpg
1,216,165,1_15_cell_photo_cr.jpg,360,360,C:\Users\Администратор\Desktop\ML\foto\1\1405\1_15_cell_photo_cr.jpg
2,243,39,1_15_cell_photo_cr.jpg,360,360,C:\Users\Администратор\Desktop\ML\foto\1\1405\1_15_cell_photo_cr.jpg
3,154,277,1_15_cell_photo_cr.jpg,360,360,C:\Users\Администратор\Desktop\ML\foto\1\1405\1_15_cell_photo_cr.jpg
1,155,203,1_16_cell_photo_cr.jpg,360,360,C:\Users\Администратор\Desktop\ML\foto\1\1405\1_16_cell_photo_cr.jpg
2,318,54,1_16_cell_photo_cr.jpg,360,360,C:\Users\Администратор\Desktop\ML\foto\1\1405\1_16_cell_photo_cr.jpg
3,81,344,1_16_cell_photo_cr.jpg,360,360,C:\Users\Администратор\Desktop\ML\foto\1\1405\1_16_cell_photo_cr.jpg
1,178,171,1_17_cell_photo_cr.jpg,360,360,C:\Users\Администратор\Desktop\ML\foto\1\1405\1_17_cell_photo_cr.jpg
1,19,174,1_18_cell_photo_cr.jpg,360,360,C:\Users\Администратор\Desktop\ML\foto\1\1405\1_18_cell_photo_cr.jpg
2,180,111,1_18_cell_photo_cr.jpg,360,360,C:\Users\Администратор\Desktop\ML\foto\1\1405\1_18_cell_photo_cr.jpg
1,270,158,1_19_cell_photo_cr.jpg,360,360,C:\Users\Администратор\Desktop\ML\foto\1\1405\1_19_cell_photo_cr.jpg
2,250,58,1_19_cell_photo_cr.jpg,360,360,C:\Users\Администратор\Desktop\ML\foto\1\1405\1_19_cell_photo_cr.jpg
3,273,254,1_19_cell_photo_cr.jpg,360,360,C:\Users\Администратор\Desktop\ML\foto\1\1405\1_19_cell_photo_cr.jpg
1,56,127,1_20_cell_photo_cr.jpg,360,360,C:\Users\Администратор\Desktop\ML\foto\1\1405\1_20_cell_photo_cr.jpg
2,94,23,1_20_cell_photo_cr.jpg,360,360,C:\Users\Администратор\Desktop\ML\foto\1\1405\1_20_cell_photo_cr.jpg
3,24,172,1_20_cell_photo_cr.jpg,360,360,C:\Users\Администратор\Desktop\ML\foto\1\1405\1_20_cell_photo_cr.jpg
1,165,130,1_21_cell_photo_cr.jpg,360,360,C:\Users\Администратор\Desktop\ML\foto\1\1405\1_21_cell_photo_cr.jpg
2,305,123,1_21_cell_photo_cr.jpg,360,360,C:\Users\Администратор\Desktop\ML\foto\1\1405\1_21_cell_photo_cr.jpg
3,17,121,1_21_cell_photo_cr.jpg,360,360,C:\Users\Администратор\Desktop\ML\foto\1\1405\1_21_cell_photo_cr.jpg
1,151,165,1_22_cell_photo_cr.jpg,360,360,C:\Users\Администратор\Desktop\ML\foto\1\1405\1_22_cell_photo_cr.jpg
2,61,355,1_22_cell_photo_cr.jpg,360,360,C:\Users\Администратор\Desktop\ML\foto\1\1405\1_22_cell_photo_cr.jpg
3,90,9,1_22_cell_photo_cr.jpg,360,360,C:\Users\Администратор\Desktop\ML\foto\1\1405\1_22_cell_photo_cr.jpg
1,70,301,1_23_cell_photo_cr.jpg,360,360,C:\Users\Администратор\Desktop\ML\foto\1\1405\1_23_cell_photo_cr.jpg
2,36,289,1_23_cell_photo_cr.jpg,360,360,C:\Users\Администратор\Desktop\ML\foto\1\1405\1_23_cell_photo_cr.jpg
1,52,182,1_24_cell_photo_cr.jpg,360,360,C:\Users\Администратор\Desktop\ML\foto\1\1405\1_24_cell_photo_cr.jpg
2,69,268,1_24_cell_photo_cr.jpg,360,360,C:\Users\Администратор\Desktop\ML\foto\1\1405\1_24_cell_photo_cr.jpg
1,128,199,1_25_cell_photo_cr.jpg,360,360,C:\Users\Администратор\Desktop\ML\foto\1\1405\1_25_cell_photo_cr.jpg
2,323,252,1_25_cell_photo_cr.jpg,360,360,C:\Users\Администратор\Desktop\ML\foto\1\1405\1_25_cell_photo_cr.jpg
3,9,162,1_25_cell_photo_cr.jpg,360,360,C:\Users\Администратор\Desktop\ML\foto\1\1405\1_25_cell_photo_cr.jpg
1,134,173,1_26_cell_photo_cr.jpg,360,360,C:\Users\Администратор\Desktop\ML\foto\1\1405\1_26_cell_photo_cr.jpg
2,69,10,1_26_cell_photo_cr.jpg,360,360,C:\Users\Администратор\Desktop\ML\foto\1\1405\1_26_cell_photo_cr.jpg
3,158,284,1_26_cell_photo_cr.jpg,360,360,C:\Users\Администратор\Desktop\ML\foto\1\1405\1_26_cell_photo_cr.jpg
1,133,127,1_27_cell_photo_cr.jpg,360,360,C:\Users\Администратор\Desktop\ML\foto\1\1405\1_27_cell_photo_cr.jpg
2,110,26,1_27_cell_photo_cr.jpg,360,360,C:\Users\Администратор\Desktop\ML\foto\1\1405\1_27_cell_photo_cr.jpg
3,220,282,1_27_cell_photo_cr.jpg,360,360,C:\Users\Администратор\Desktop\ML\foto\1\1405\1_27_cell_photo_cr.jpg
1,138,127,1_28_cell_photo_cr.jpg,360,360,C:\Users\Администратор\Desktop\ML\foto\1\1405\1_28_cell_photo_cr.jpg
2,265,273,1_28_cell_photo_cr.jpg,360,360,C:\Users\Администратор\Desktop\ML\foto\1\1405\1_28_cell_photo_cr.jpg
3,27,42,1_28_cell_photo_cr.jpg,360,360,C:\Users\Администратор\Desktop\ML\foto\1\1405\1_28_cell_photo_cr.jpg
1,151,184,1_29_cell_photo_cr.jpg,360,360,C:\Users\Администратор\Desktop\ML\foto\1\1405\1_29_cell_photo_cr.jpg
2,72,357,1_29_cell_photo_cr.jpg,360,360,C:\Users\Администратор\Desktop\ML\foto\1\1405\1_29_cell_photo_cr.jpg
3,95,1,1_29_cell_photo_cr.jpg,360,360,C:\Users\Администратор\Desktop\ML\foto\1\1405\1_29_cell_photo_cr.jpg
1,179,139,1_30_cell_photo_cr.jpg,360,360,C:\Users\Администратор\Desktop\ML\foto\1\1405\1_30_cell_photo_cr.jpg
1,113,202,1_31_cell_photo_cr.jpg,360,360,C:\Users\Администратор\Desktop\ML\foto\1\1405\1_31_cell_photo_cr.jpg
2,222,319,1_31_cell_photo_cr.jpg,360,360,C:\Users\Администратор\Desktop\ML\foto\1\1405\1_31_cell_photo_cr.jpg
3,21,98,1_31_cell_photo_cr.jpg,360,360,C:\Users\Администратор\Desktop\ML\foto\1\1405\1_31_cell_photo_cr.jpg
1,168,294,1_32_cell_photo_cr.jpg,360,360,C:\Users\Администратор\Desktop\ML\foto\1\1405\1_32_cell_photo_cr.jpg
2,166,260,1_32_cell_photo_cr.jpg,360,360,C:\Users\Администратор\Desktop\ML\foto\1\1405\1_32_cell_photo_cr.jpg
3,172,337,1_32_cell_photo_cr.jpg,360,360,C:\Users\Администратор\Desktop\ML\foto\1\1405\1_32_cell_photo_cr.jpg
1,143,144,1_33_cell_photo_cr.jpg,360,360,C:\Users\Администратор\Desktop\ML\foto\1\1405\1_33_cell_photo_cr.jpg
2,238,66,1_33_cell_photo_cr.jpg,360,360,C:\Users\Администратор\Desktop\ML\foto\1\1405\1_33_cell_photo_cr.jpg
3,37,218,1_33_cell_photo_cr.jpg,360,360,C:\Users\Администратор\Desktop\ML\foto\1\1405\1_33_cell_photo_cr.jpg
1,124,187,1_34_cell_photo_cr.jpg,360,360,C:\Users\Администратор\Desktop\ML\foto\1\1405\1_34_cell_photo_cr.jpg
2,169,74,1_34_cell_photo_cr.jpg,360,360,C:\Users\Администратор\Desktop\ML\foto\1\1405\1_34_cell_photo_cr.jpg
3,62,269,1_34_cell_photo_cr.jpg,360,360,C:\Users\Администратор\Desktop\ML\foto\1\1405\1_34_cell_photo_cr.jpg
1,64,205,1_35_cell_photo_cr.jpg,360,360,C:\Users\Администратор\Desktop\ML\foto\1\1405\1_35_cell_photo_cr.jpg
1,99,258,1_36_cell_photo_cr.jpg,360,360,C:\Users\Администратор\Desktop\ML\foto\1\1405\1_36_cell_photo_cr.jpg
2,233,263,1_36_cell_photo_cr.jpg,360,360,C:\Users\Администратор\Desktop\ML\foto\1\1405\1_36_cell_photo_cr.jpg
3,22,269,1_36_cell_photo_cr.jpg,360,360,C:\Users\Администратор\Desktop\ML\foto\1\1405\1_36_cell_photo_cr.jpg
1,189,139,1_37_cell_photo_cr.jpg,360,360,C:\Users\Администратор\Desktop\ML\foto\1\1405\1_37_cell_photo_cr.jpg
2,12,94,1_37_cell_photo_cr.jpg,360,360,C:\Users\Администратор\Desktop\ML\foto\1\1405\1_37_cell_photo_cr.jpg
3,328,337,1_37_cell_photo_cr.jpg,360,360,C:\Users\Администратор\Desktop\ML\foto\1\1405\1_37_cell_photo_cr.jpg
1,205,210,1_38_cell_photo_cr.jpg,360,360,C:\Users\Администратор\Desktop\ML\foto\1\1405\1_38_cell_photo_cr.jpg
2,225,149,1_38_cell_photo_cr.jpg,360,360,C:\Users\Администратор\Desktop\ML\foto\1\1405\1_38_cell_photo_cr.jpg
3,178,281,1_38_cell_photo_cr.jpg,360,360,C:\Users\Администратор\Desktop\ML\foto\1\1405\1_38_cell_photo_cr.jpg
1,121,128,1_39_cell_photo_cr.jpg,360,360,C:\Users\Администратор\Desktop\ML\foto\1\1405\1_39_cell_photo_cr.jpg
2,133,83,1_39_cell_photo_cr.jpg,360,360,C:\Users\Администратор\Desktop\ML\foto\1\1405\1_39_cell_photo_cr.jpg
3,13,156,1_39_cell_photo_cr.jpg,360,360,C:\Users\Администратор\Desktop\ML\foto\1\1405\1_39_cell_photo_cr.jpg
1,80,9,1_40_cell_photo_cr.jpg,360,360,C:\Users\Администратор\Desktop\ML\foto\1\1405\1_40_cell_photo_cr.jpg
1,200,209,1_41_cell_photo_cr.jpg,360,360,C:\Users\Администратор\Desktop\ML\foto\1\1405\1_41_cell_photo_cr.jpg
2,38,206,1_41_cell_photo_cr.jpg,360,360,C:\Users\Администратор\Desktop\ML\foto\1\1405\1_41_cell_photo_cr.jpg
3,328,274,1_41_cell_photo_cr.jpg,360,360,C:\Users\Администратор\Desktop\ML\foto\1\1405\1_41_cell_photo_cr.jpg
1,141,207,1_42_cell_photo_cr.jpg,360,360,C:\Users\Администратор\Desktop\ML\foto\1\1405\1_42_cell_photo_cr.jpg
2,332,81,1_42_cell_photo_cr.jpg,360,360,C:\Users\Администратор\Desktop\ML\foto\1\1405\1_42_cell_photo_cr.jpg
3,8,341,1_42_cell_photo_cr.jpg,360,360,C:\Users\Администратор\Desktop\ML\foto\1\1405\1_42_cell_photo_cr.jpg
1,185,227,1_43_cell_photo_cr.jpg,360,360,C:\Users\Администратор\Desktop\ML\foto\1\1405\1_43_cell_photo_cr.jpg
2,7,195,1_43_cell_photo_cr.jpg,360,360,C:\Users\Администратор\Desktop\ML\foto\1\1405\1_43_cell_photo_cr.jpg
3,357,229,1_43_cell_photo_cr.jpg,360,360,C:\Users\Администратор\Desktop\ML\foto\1\1405\1_43_cell_photo_cr.jpg
1,156,183,1_44_cell_photo_cr.jpg,360,360,C:\Users\Администратор\Desktop\ML\foto\1\1405\1_44_cell_photo_cr.jpg
2,14,140,1_44_cell_photo_cr.jpg,360,360,C:\Users\Администратор\Desktop\ML\foto\1\1405\1_44_cell_photo_cr.jpg
3,295,289,1_44_cell_photo_cr.jpg,360,360,C:\Users\Администратор\Desktop\ML\foto\1\1405\1_44_cell_photo_cr.jpg
1,170,174,1_45_cell_photo_cr.jpg,360,360,C:\Users\Администратор\Desktop\ML\foto\1\1405\1_45_cell_photo_cr.jpg
1,172,157,1_46_cell_photo_cr.jpg,360,360,C:\Users\Администратор\Desktop\ML\foto\1\1405\1_46_cell_photo_cr.jpg
1,180,239,1_47_cell_photo_cr.jpg,360,360,C:\Users\Администратор\Desktop\ML\foto\1\1405\1_47_cell_photo_cr.jpg
2,192,172,1_47_cell_photo_cr.jpg,360,360,C:\Users\Администратор\Desktop\ML\foto\1\1405\1_47_cell_photo_cr.jpg
3,124,215,1_47_cell_photo_cr.jpg,360,360,C:\Users\Администратор\Desktop\ML\foto\1\1405\1_47_cell_photo_cr.jpg
1,92,192,1_48_cell_photo_cr.jpg,360,360,C:\Users\Администратор\Desktop\ML\foto\1\1405\1_48_cell_photo_cr.jpg
2,38,68,1_48_cell_photo_cr.jpg,360,360,C:\Users\Администратор\Desktop\ML\foto\1\1405\1_48_cell_photo_cr.jpg
3,133,321,1_48_cell_photo_cr.jpg,360,360,C:\Users\Администратор\Desktop\ML\foto\1\1405\1_48_cell_photo_cr.jpg
1,123,142,1_49_cell_photo_cr.jpg,360,360,C:\Users\Администратор\Desktop\ML\foto\1\1405\1_49_cell_photo_cr.jpg
2,12,51,1_49_cell_photo_cr.jpg,360,360,C:\Users\Администратор\Desktop\ML\foto\1\1405\1_49_cell_photo_cr.jpg
3,215,232,1_49_cell_photo_cr.jpg,360,360,C:\Users\Администратор\Desktop\ML\foto\1\1405\1_49_cell_photo_cr.jpg
1,98,166,1_50_cell_photo_cr.jpg,360,360,C:\Users\Администратор\Desktop\ML\foto\1\1405\1_50_cell_photo_cr.jpg
2,89,26,1_50_cell_photo_cr.jpg,360,360,C:\Users\Администратор\Desktop\ML\foto\1\1405\1_50_cell_photo_cr.jpg
3,35,274,1_50_cell_photo_cr.jpg,360,360,C:\Users\Администратор\Desktop\ML\foto\1\1405\1_50_cell_photo_cr.jpg
1,76,250,1_1_cell_photo_cr.jpg,360,360,C:\Users\Администратор\Desktop\ML\foto\1\1505\1_1_cell_photo_cr.jpg
2,61,85,1_1_cell_photo_cr.jpg,360,360,C:\Users\Администратор\Desktop\ML\foto\1\1505\1_1_cell_photo_cr.jpg
3,153,346,1_1_cell_photo_cr.jpg,360,360,C:\Users\Администратор\Desktop\ML\foto\1\1505\1_1_cell_photo_cr.jpg
1,153,150,1_2_cell_photo_cr.jpg,360,360,C:\Users\Администратор\Desktop\ML\foto\1\1505\1_2_cell_photo_cr.jpg
2,155,11,1_2_cell_photo_cr.jpg,360,360,C:\Users\Администратор\Desktop\ML\foto\1\1505\1_2_cell_photo_cr.jpg
3,175,275,1_2_cell_photo_cr.jpg,360,360,C:\Users\Администратор\Desktop\ML\foto\1\1505\1_2_cell_photo_cr.jpg
1,228,160,1_3_cell_photo_cr.jpg,360,360,C:\Users\Администратор\Desktop\ML\foto\1\1505\1_3_cell_photo_cr.jpg
2,120,49,1_3_cell_photo_cr.jpg,360,360,C:\Users\Администратор\Desktop\ML\foto\1\1505\1_3_cell_photo_cr.jpg
3,310,217,1_3_cell_photo_cr.jpg,360,360,C:\Users\Администратор\Desktop\ML\foto\1\1505\1_3_cell_photo_cr.jpg
1,137,180,1_4_cell_photo_cr.jpg,360,360,C:\Users\Администратор\Desktop\ML\foto\1\1505\1_4_cell_photo_cr.jpg
2,105,9,1_4_cell_photo_cr.jpg,360,360,C:\Users\Администратор\Desktop\ML\foto\1\1505\1_4_cell_photo_cr.jpg
3,138,321,1_4_cell_photo_cr.jpg,360,360,C:\Users\Администратор\Desktop\ML\foto\1\1505\1_4_cell_photo_cr.jpg
1,158,132,1_5_cell_photo_cr.jpg,360,360,C:\Users\Администратор\Desktop\ML\foto\1\1505\1_5_cell_photo_cr.jpg
2,218,69,1_5_cell_photo_cr.jpg,360,360,C:\Users\Администратор\Desktop\ML\foto\1\1505\1_5_cell_photo_cr.jpg
3,98,232,1_5_cell_photo_cr.jpg,360,360,C:\Users\Администратор\Desktop\ML\foto\1\1505\1_5_cell_photo_cr.jpg
1,80,235,1_6_cell_photo_cr.jpg,360,360,C:\Users\Администратор\Desktop\ML\foto\1\1505\1_6_cell_photo_cr.jpg
1,148,205,1_7_cell_photo_cr.jpg,360,360,C:\Users\Администратор\Desktop\ML\foto\1\1505\1_7_cell_photo_cr.jpg
2,28,155,1_7_cell_photo_cr.jpg,360,360,C:\Users\Администратор\Desktop\ML\foto\1\1505\1_7_cell_photo_cr.jpg
3,272,204,1_7_cell_photo_cr.jpg,360,360,C:\Users\Администратор\Desktop\ML\foto\1\1505\1_7_cell_photo_cr.jpg
1,168,199,1_8_cell_photo_cr.jpg,360,360,C:\Users\Администратор\Desktop\ML\foto\1\1505\1_8_cell_photo_cr.jpg
2,192,161,1_8_cell_photo_cr.jpg,360,360,C:\Users\Администратор\Desktop\ML\foto\1\1505\1_8_cell_photo_cr.jpg
3,175,267,1_8_cell_photo_cr.jpg,360,360,C:\Users\Администратор\Desktop\ML\foto\1\1505\1_8_cell_photo_cr.jpg
1,138,181,1_9_cell_photo_cr.jpg,360,360,C:\Users\Администратор\Desktop\ML\foto\1\1505\1_9_cell_photo_cr.jpg
2,39,4,1_9_cell_photo_cr.jpg,360,360,C:\Users\Администратор\Desktop\ML\foto\1\1505\1_9_cell_photo_cr.jpg
3,221,311,1_9_cell_photo_cr.jpg,360,360,C:\Users\Администратор\Desktop\ML\foto\1\1505\1_9_cell_photo_cr.jpg
1,58,167,1_10_cell_photo_cr.jpg,360,360,C:\Users\Администратор\Desktop\ML\foto\1\1505\1_10_cell_photo_cr.jpg
2,45,355,1_10_cell_photo_cr.jpg,360,360,C:\Users\Администратор\Desktop\ML\foto\1\1505\1_10_cell_photo_cr.jpg
3,7,5,1_10_cell_photo_cr.jpg,360,360,C:\Users\Администратор\Desktop\ML\foto\1\1505\1_10_cell_photo_cr.jpg
1,175,64,1_11_cell_photo_cr.jpg,360,360,C:\Users\Администратор\Desktop\ML\foto\1\1505\1_11_cell_photo_cr.jpg
1,244,162,1_12_cell_photo_cr.jpg,360,360,C:\Users\Администратор\Desktop\ML\foto\1\1505\1_12_cell_photo_cr.jpg
2,195,16,1_12_cell_photo_cr.jpg,360,360,C:\Users\Администратор\Desktop\ML\foto\1\1505\1_12_cell_photo_cr.jpg
3,340,279,1_12_cell_photo_cr.jpg,360,360,C:\Users\Администратор\Desktop\ML\foto\1\1505\1_12_cell_photo_cr.jpg
1,168,163,1_13_cell_photo_cr.jpg,360,360,C:\Users\Администратор\Desktop\ML\foto\1\1505\1_13_cell_photo_cr.jpg
2,293,64,1_13_cell_photo_cr.jpg,360,360,C:\Users\Администратор\Desktop\ML\foto\1\1505\1_13_cell_photo_cr.jpg
3,40,265,1_13_cell_photo_cr.jpg,360,360,C:\Users\Администратор\Desktop\ML\foto\1\1505\1_13_cell_photo_cr.jpg
1,192,143,1_14_cell_photo_cr.jpg,360,360,C:\Users\Администратор\Desktop\ML\foto\1\1505\1_14_cell_photo_cr.jpg
2,9,154,1_14_cell_photo_cr.jpg,360,360,C:\Users\Администратор\Desktop\ML\foto\1\1505\1_14_cell_photo_cr.jpg
3,350,166,1_14_cell_photo_cr.jpg,360,360,C:\Users\Администратор\Desktop\ML\foto\1\1505\1_14_cell_photo_cr.jpg
1,185,164,1_15_cell_photo_cr.jpg,360,360,C:\Users\Администратор\Desktop\ML\foto\1\1505\1_15_cell_photo_cr.jpg
2,162,43,1_15_cell_photo_cr.jpg,360,360,C:\Users\Администратор\Desktop\ML\foto\1\1505\1_15_cell_photo_cr.jpg
3,143,269,1_15_cell_photo_cr.jpg,360,360,C:\Users\Администратор\Desktop\ML\foto\1\1505\1_15_cell_photo_cr.jpg
1,210,185,1_16_cell_photo_cr.jpg,360,360,C:\Users\Администратор\Desktop\ML\foto\1\1505\1_16_cell_photo_cr.jpg
2,328,71,1_16_cell_photo_cr.jpg,360,360,C:\Users\Администратор\Desktop\ML\foto\1\1505\1_16_cell_photo_cr.jpg
3,61,344,1_16_cell_photo_cr.jpg,360,360,C:\Users\Администратор\Desktop\ML\foto\1\1505\1_16_cell_photo_cr.jpg
1,174,175,1_17_cell_photo_cr.jpg,360,360,C:\Users\Администратор\Desktop\ML\foto\1\1505\1_17_cell_photo_cr.jpg
1,14,195,1_18_cell_photo_cr.jpg,360,360,C:\Users\Администратор\Desktop\ML\foto\1\1505\1_18_cell_photo_cr.jpg
2,125,136,1_18_cell_photo_cr.jpg,360,360,C:\Users\Администратор\Desktop\ML\foto\1\1505\1_18_cell_photo_cr.jpg
1,275,152,1_19_cell_photo_cr.jpg,360,360,C:\Users\Администратор\Desktop\ML\foto\1\1505\1_19_cell_photo_cr.jpg
2,297,264,1_19_cell_photo_cr.jpg,360,360,C:\Users\Администратор\Desktop\ML\foto\1\1505\1_19_cell_photo_cr.jpg
3,305,81,1_19_cell_photo_cr.jpg,360,360,C:\Users\Администратор\Desktop\ML\foto\1\1505\1_19_cell_photo_cr.jpg
1,158,76,1_20_cell_photo_cr.jpg,360,360,C:\Users\Администратор\Desktop\ML\foto\1\1505\1_20_cell_photo_cr.jpg
2,329,30,1_20_cell_photo_cr.jpg,360,360,C:\Users\Администратор\Desktop\ML\foto\1\1505\1_20_cell_photo_cr.jpg
3,14,105,1_20_cell_photo_cr.jpg,360,360,C:\Users\Администратор\Desktop\ML\foto\1\1505\1_20_cell_photo_cr.jpg
1,183,115,1_21_cell_photo_cr.jpg,360,360,C:\Users\Администратор\Desktop\ML\foto\1\1505\1_21_cell_photo_cr.jpg
2,30,101,1_21_cell_photo_cr.jpg,360,360,C:\Users\Администратор\Desktop\ML\foto\1\1505\1_21_cell_photo_cr.jpg
3,332,116,1_21_cell_photo_cr.jpg,360,360,C:\Users\Администратор\Desktop\ML\foto\1\1505\1_21_cell_photo_cr.jpg
1,98,169,1_22_cell_photo_cr.jpg,360,360,C:\Users\Администратор\Desktop\ML\foto\1\1505\1_22_cell_photo_cr.jpg
2,73,8,1_22_cell_photo_cr.jpg,360,360,C:\Users\Администратор\Desktop\ML\foto\1\1505\1_22_cell_photo_cr.jpg
3,125,7,1_22_cell_photo_cr.jpg,360,360,C:\Users\Администратор\Desktop\ML\foto\1\1505\1_22_cell_photo_cr.jpg
4,86,356,1_22_cell_photo_cr.jpg,360,360,C:\Users\Администратор\Desktop\ML\foto\1\1505\1_22_cell_photo_cr.jpg
1,106,275,1_23_cell_photo_cr.jpg,360,360,C:\Users\Администратор\Desktop\ML\foto\1\1505\1_23_cell_photo_cr.jpg
2,64,262,1_23_cell_photo_cr.jpg,360,360,C:\Users\Администратор\Desktop\ML\foto\1\1505\1_23_cell_photo_cr.jpg
1,57,134,1_24_cell_photo_cr.jpg,360,360,C:\Users\Администратор\Desktop\ML\foto\1\1505\1_24_cell_photo_cr.jpg
2,95,215,1_24_cell_photo_cr.jpg,360,360,C:\Users\Администратор\Desktop\ML\foto\1\1505\1_24_cell_photo_cr.jpg
1,180,230,1_25_cell_photo_cr.jpg,360,360,C:\Users\Администратор\Desktop\ML\foto\1\1505\1_25_cell_photo_cr.jpg
2,4,184,1_25_cell_photo_cr.jpg,360,360,C:\Users\Администратор\Desktop\ML\foto\1\1505\1_25_cell_photo_cr.jpg
3,358,250,1_25_cell_photo_cr.jpg,360,360,C:\Users\Администратор\Desktop\ML\foto\1\1505\1_25_cell_photo_cr.jpg
1,143,175,1_26_cell_photo_cr.jpg,360,360,C:\Users\Администратор\Desktop\ML\foto\1\1505\1_26_cell_photo_cr.jpg
2,153,4,1_26_cell_photo_cr.jpg,360,360,C:\Users\Администратор\Desktop\ML\foto\1\1505\1_26_cell_photo_cr.jpg
3,154,290,1_26_cell_photo_cr.jpg,360,360,C:\Users\Администратор\Desktop\ML\foto\1\1505\1_26_cell_photo_cr.jpg
1,200,136,1_27_cell_photo_cr.jpg,360,360,C:\Users\Администратор\Desktop\ML\foto\1\1505\1_27_cell_photo_cr.jpg
2,91,36,1_27_cell_photo_cr.jpg,360,360,C:\Users\Администратор\Desktop\ML\foto\1\1505\1_27_cell_photo_cr.jpg
3,285,252,1_27_cell_photo_cr.jpg,360,360,C:\Users\Администратор\Desktop\ML\foto\1\1505\1_27_cell_photo_cr.jpg
1,196,163,1_28_cell_photo_cr.jpg,360,360,C:\Users\Администратор\Desktop\ML\foto\1\1505\1_28_cell_photo_cr.jpg
2,35,4,1_28_cell_photo_cr.jpg,360,360,C:\Users\Администратор\Desktop\ML\foto\1\1505\1_28_cell_photo_cr.jpg
3,320,269,1_28_cell_photo_cr.jpg,360,360,C:\Users\Администратор\Desktop\ML\foto\1\1505\1_28_cell_photo_cr.jpg
1,25,209,1_29_cell_photo_cr.jpg,360,360,C:\Users\Администратор\Desktop\ML\foto\1\1505\1_29_cell_photo_cr.jpg
2,198,29,1_29_cell_photo_cr.jpg,360,360,C:\Users\Администратор\Desktop\ML\foto\1\1505\1_29_cell_photo_cr.jpg
1,359,164,1_30_cell_photo_cr.jpg,360,360,C:\Users\Администратор\Desktop\ML\foto\1\1505\1_30_cell_photo_cr.jpg
2,225,321,1_30_cell_photo_cr.jpg,360,360,C:\Users\Администратор\Desktop\ML\foto\1\1505\1_30_cell_photo_cr.jpg
1,155,172,1_31_cell_photo_cr.jpg,360,360,C:\Users\Администратор\Desktop\ML\foto\1\1505\1_31_cell_photo_cr.jpg
2,54,29,1_31_cell_photo_cr.jpg,360,360,C:\Users\Администратор\Desktop\ML\foto\1\1505\1_31_cell_photo_cr.jpg
3,258,273,1_31_cell_photo_cr.jpg,360,360,C:\Users\Администратор\Desktop\ML\foto\1\1505\1_31_cell_photo_cr.jpg
1,148,291,1_32_cell_photo_cr.jpg,360,360,C:\Users\Администратор\Desktop\ML\foto\1\1505\1_32_cell_photo_cr.jpg
2,141,256,1_32_cell_photo_cr.jpg,360,360,C:\Users\Администратор\Desktop\ML\foto\1\1505\1_32_cell_photo_cr.jpg
3,158,329,1_32_cell_photo_cr.jpg,360,360,C:\Users\Администратор\Desktop\ML\foto\1\1505\1_32_cell_photo_cr.jpg
1,168,140,1_33_cell_photo_cr.jpg,360,360,C:\Users\Администратор\Desktop\ML\foto\1\1505\1_33_cell_photo_cr.jpg
2,260,74,1_33_cell_photo_cr.jpg,360,360,C:\Users\Администратор\Desktop\ML\foto\1\1505\1_33_cell_photo_cr.jpg
3,58,222,1_33_cell_photo_cr.jpg,360,360,C:\Users\Администратор\Desktop\ML\foto\1\1505\1_33_cell_photo_cr.jpg
1,171,203,1_34_cell_photo_cr.jpg,360,360,C:\Users\Администратор\Desktop\ML\foto\1\1505\1_34_cell_photo_cr.jpg
2,235,96,1_34_cell_photo_cr.jpg,360,360,C:\Users\Администратор\Desktop\ML\foto\1\1505\1_34_cell_photo_cr.jpg
3,105,298,1_34_cell_photo_cr.jpg,360,360,C:\Users\Администратор\Desktop\ML\foto\1\1505\1_34_cell_photo_cr.jpg
1,28,188,1_35_cell_photo_cr.jpg,360,360,C:\Users\Администратор\Desktop\ML\foto\1\1505\1_35_cell_photo_cr.jpg
1,219,237,1_36_cell_photo_cr.jpg,360,360,C:\Users\Администратор\Desktop\ML\foto\1\1505\1_36_cell_photo_cr.jpg
2,345,237,1_36_cell_photo_cr.jpg,360,360,C:\Users\Администратор\Desktop\ML\foto\1\1505\1_36_cell_photo_cr.jpg
3,4,252,1_36_cell_photo_cr.jpg,360,360,C:\Users\Администратор\Desktop\ML\foto\1\1505\1_36_cell_photo_cr.jpg
1,178,194,1_37_cell_photo_cr.jpg,360,360,C:\Users\Администратор\Desktop\ML\foto\1\1505\1_37_cell_photo_cr.jpg
2,4,124,1_37_cell_photo_cr.jpg,360,360,C:\Users\Администратор\Desktop\ML\foto\1\1505\1_37_cell_photo_cr.jpg
3,355,250,1_37_cell_photo_cr.jpg,360,360,C:\Users\Администратор\Desktop\ML\foto\1\1505\1_37_cell_photo_cr.jpg
1,174,205,1_38_cell_photo_cr.jpg,360,360,C:\Users\Администратор\Desktop\ML\foto\1\1505\1_38_cell_photo_cr.jpg
2,198,139,1_38_cell_photo_cr.jpg,360,360,C:\Users\Администратор\Desktop\ML\foto\1\1505\1_38_cell_photo_cr.jpg
3,158,282,1_38_cell_photo_cr.jpg,360,360,C:\Users\Администратор\Desktop\ML\foto\1\1505\1_38_cell_photo_cr.jpg
1,148,125,1_39_cell_photo_cr.jpg,360,360,C:\Users\Администратор\Desktop\ML\foto\1\1505\1_39_cell_photo_cr.jpg
2,124,205,1_39_cell_photo_cr.jpg,360,360,C:\Users\Администратор\Desktop\ML\foto\1\1505\1_39_cell_photo_cr.jpg
3,241,98,1_39_cell_photo_cr.jpg,360,360,C:\Users\Администратор\Desktop\ML\foto\1\1505\1_39_cell_photo_cr.jpg
1,173,54,1_40_cell_photo_cr.jpg,360,360,C:\Users\Администратор\Desktop\ML\foto\1\1505\1_40_cell_photo_cr.jpg
2,5,172,1_40_cell_photo_cr.jpg,360,360,C:\Users\Администратор\Desktop\ML\foto\1\1505\1_40_cell_photo_cr.jpg
3,345,36,1_40_cell_photo_cr.jpg,360,360,C:\Users\Администратор\Desktop\ML\foto\1\1505\1_40_cell_photo_cr.jpg
1,186,217,1_41_cell_photo_cr.jpg,360,360,C:\Users\Администратор\Desktop\ML\foto\1\1505\1_41_cell_photo_cr.jpg
2,26,213,1_41_cell_photo_cr.jpg,360,360,C:\Users\Администратор\Desktop\ML\foto\1\1505\1_41_cell_photo_cr.jpg
3,318,277,1_41_cell_photo_cr.jpg,360,360,C:\Users\Администратор\Desktop\ML\foto\1\1505\1_41_cell_photo_cr.jpg
1,153,148,1_42_cell_photo_cr.jpg,360,360,C:\Users\Администратор\Desktop\ML\foto\1\1505\1_42_cell_photo_cr.jpg
2,328,28,1_42_cell_photo_cr.jpg,360,360,C:\Users\Администратор\Desktop\ML\foto\1\1505\1_42_cell_photo_cr.jpg
3,52,357,1_42_cell_photo_cr.jpg,360,360,C:\Users\Администратор\Desktop\ML\foto\1\1505\1_42_cell_photo_cr.jpg
1,195,249,1_43_cell_photo_cr.jpg,360,360,C:\Users\Администратор\Desktop\ML\foto\1\1505\1_43_cell_photo_cr.jpg
2,10,228,1_43_cell_photo_cr.jpg,360,360,C:\Users\Администратор\Desktop\ML\foto\1\1505\1_43_cell_photo_cr.jpg
3,352,232,1_43_cell_photo_cr.jpg,360,360,C:\Users\Администратор\Desktop\ML\foto\1\1505\1_43_cell_photo_cr.jpg
1,164,243,1_44_cell_photo_cr.jpg,360,360,C:\Users\Администратор\Desktop\ML\foto\1\1505\1_44_cell_photo_cr.jpg
2,10,230,1_44_cell_photo_cr.jpg,360,360,C:\Users\Администратор\Desktop\ML\foto\1\1505\1_44_cell_photo_cr.jpg
3,313,285,1_44_cell_photo_cr.jpg,360,360,C:\Users\Администратор\Desktop\ML\foto\1\1505\1_44_cell_photo_cr.jpg
1,175,185,1_45_cell_photo_cr.jpg,360,360,C:\Users\Администратор\Desktop\ML\foto\1\1505\1_45_cell_photo_cr.jpg
1,183,136,1_46_cell_photo_cr.jpg,360,360,C:\Users\Администратор\Desktop\ML\foto\1\1505\1_46_cell_photo_cr.jpg
1,161,224,1_47_cell_photo_cr.jpg,360,360,C:\Users\Администратор\Desktop\ML\foto\1\1505\1_47_cell_photo_cr.jpg
2,278,199,1_47_cell_photo_cr.jpg,360,360,C:\Users\Администратор\Desktop\ML\foto\1\1505\1_47_cell_photo_cr.jpg
1,135,177,1_48_cell_photo_cr.jpg,360,360,C:\Users\Администратор\Desktop\ML\foto\1\1505\1_48_cell_photo_cr.jpg
2,51,21,1_48_cell_photo_cr.jpg,360,360,C:\Users\Администратор\Desktop\ML\foto\1\1505\1_48_cell_photo_cr.jpg
3,264,254,1_48_cell_photo_cr.jpg,360,360,C:\Users\Администратор\Desktop\ML\foto\1\1505\1_48_cell_photo_cr.jpg
1,123,154,1_49_cell_photo_cr.jpg,360,360,C:\Users\Администратор\Desktop\ML\foto\1\1505\1_49_cell_photo_cr.jpg
2,27,34,1_49_cell_photo_cr.jpg,360,360,C:\Users\Администратор\Desktop\ML\foto\1\1505\1_49_cell_photo_cr.jpg
3,218,232,1_49_cell_photo_cr.jpg,360,360,C:\Users\Администратор\Desktop\ML\foto\1\1505\1_49_cell_photo_cr.jpg
1,143,149,1_50_cell_photo_cr.jpg,360,360,C:\Users\Администратор\Desktop\ML\foto\1\1505\1_50_cell_photo_cr.jpg
2,185,3,1_50_cell_photo_cr.jpg,360,360,C:\Users\Администратор\Desktop\ML\foto\1\1505\1_50_cell_photo_cr.jpg
3,61,272,1_50_cell_photo_cr.jpg,360,360,C:\Users\Администратор\Desktop\ML\foto\1\1505\1_50_cell_photo_cr.jpg
1,127,197,1_1_cell_photo_cr.jpg,360,360,C:\Users\Администратор\Desktop\ML\foto\1\1605\1_1_cell_photo_cr.jpg
2,121,307,1_1_cell_photo_cr.jpg,360,360,C:\Users\Администратор\Desktop\ML\foto\1\1605\1_1_cell_photo_cr.jpg
1,176,153,1_2_cell_photo_cr.jpg,360,360,C:\Users\Администратор\Desktop\ML\foto\1\1605\1_2_cell_photo_cr.jpg
2,182,24,1_2_cell_photo_cr.jpg,360,360,C:\Users\Администратор\Desktop\ML\foto\1\1605\1_2_cell_photo_cr.jpg
3,201,272,1_2_cell_photo_cr.jpg,360,360,C:\Users\Администратор\Desktop\ML\foto\1\1605\1_2_cell_photo_cr.jpg
1,206,157,1_3_cell_photo_cr.jpg,360,360,C:\Users\Администратор\Desktop\ML\foto\1\1605\1_3_cell_photo_cr.jpg
2,68,46,1_3_cell_photo_cr.jpg,360,360,C:\Users\Администратор\Desktop\ML\foto\1\1605\1_3_cell_photo_cr.jpg
3,307,229,1_3_cell_photo_cr.jpg,360,360,C:\Users\Администратор\Desktop\ML\foto\1\1605\1_3_cell_photo_cr.jpg
1,140,168,1_4_cell_photo_cr.jpg,360,360,C:\Users\Администратор\Desktop\ML\foto\1\1605\1_4_cell_photo_cr.jpg
2,112,6,1_4_cell_photo_cr.jpg,360,360,C:\Users\Администратор\Desktop\ML\foto\1\1605\1_4_cell_photo_cr.jpg
3,173,322,1_4_cell_photo_cr.jpg,360,360,C:\Users\Администратор\Desktop\ML\foto\1\1605\1_4_cell_photo_cr.jpg
1,198,133,1_5_cell_photo_cr.jpg,360,360,C:\Users\Администратор\Desktop\ML\foto\1\1605\1_5_cell_photo_cr.jpg
2,240,75,1_5_cell_photo_cr.jpg,360,360,C:\Users\Администратор\Desktop\ML\foto\1\1605\1_5_cell_photo_cr.jpg
3,166,246,1_5_cell_photo_cr.jpg,360,360,C:\Users\Администратор\Desktop\ML\foto\1\1605\1_5_cell_photo_cr.jpg
1,190,354,1_6_cell_photo_cr.jpg,360,360,C:\Users\Администратор\Desktop\ML\foto\1\1605\1_6_cell_photo_cr.jpg
1,102,219,1_7_cell_photo_cr.jpg,360,360,C:\Users\Администратор\Desktop\ML\foto\1\1605\1_7_cell_photo_cr.jpg
2,238,224,1_7_cell_photo_cr.jpg,360,360,C:\Users\Администратор\Desktop\ML\foto\1\1605\1_7_cell_photo_cr.jpg
3,3,171,1_7_cell_photo_cr.jpg,360,360,C:\Users\Администратор\Desktop\ML\foto\1\1605\1_7_cell_photo_cr.jpg
1,201,187,1_8_cell_photo_cr.jpg,360,360,C:\Users\Администратор\Desktop\ML\foto\1\1605\1_8_cell_photo_cr.jpg
2,208,251,1_8_cell_photo_cr.jpg,360,360,C:\Users\Администратор\Desktop\ML\foto\1\1605\1_8_cell_photo_cr.jpg
3,218,152,1_8_cell_photo_cr.jpg,360,360,C:\Users\Администратор\Desktop\ML\foto\1\1605\1_8_cell_photo_cr.jpg
1,198,167,1_9_cell_photo_cr.jpg,360,360,C:\Users\Администратор\Desktop\ML\foto\1\1605\1_9_cell_photo_cr.jpg
2,121,8,1_9_cell_photo_cr.jpg,360,360,C:\Users\Администратор\Desktop\ML\foto\1\1605\1_9_cell_photo_cr.jpg
3,268,279,1_9_cell_photo_cr.jpg,360,360,C:\Users\Администратор\Desktop\ML\foto\1\1605\1_9_cell_photo_cr.jpg
1,112,153,1_10_cell_photo_cr.jpg,360,360,C:\Users\Администратор\Desktop\ML\foto\1\1605\1_10_cell_photo_cr.jpg
2,145,354,1_10_cell_photo_cr.jpg,360,360,C:\Users\Администратор\Desktop\ML\foto\1\1605\1_10_cell_photo_cr.jpg
3,72,4,1_10_cell_photo_cr.jpg,360,360,C:\Users\Администратор\Desktop\ML\foto\1\1605\1_10_cell_photo_cr.jpg
1,195,96,1_11_cell_photo_cr.jpg,360,360,C:\Users\Администратор\Desktop\ML\foto\1\1605\1_11_cell_photo_cr.jpg
1,205,106,1_12_cell_photo_cr.jpg,360,360,C:\Users\Администратор\Desktop\ML\foto\1\1605\1_12_cell_photo_cr.jpg
2,310,222,1_12_cell_photo_cr.jpg,360,360,C:\Users\Администратор\Desktop\ML\foto\1\1605\1_12_cell_photo_cr.jpg
3,208,1,1_12_cell_photo_cr.jpg,360,360,C:\Users\Администратор\Desktop\ML\foto\1\1605\1_12_cell_photo_cr.jpg
1,164,152,1_13_cell_photo_cr.jpg,360,360,C:\Users\Администратор\Desktop\ML\foto\1\1605\1_13_cell_photo_cr.jpg
2,278,69,1_13_cell_photo_cr.jpg,360,360,C:\Users\Администратор\Desktop\ML\foto\1\1605\1_13_cell_photo_cr.jpg
3,32,262,1_13_cell_photo_cr.jpg,360,360,C:\Users\Администратор\Desktop\ML\foto\1\1605\1_13_cell_photo_cr.jpg
1,175,119,1_14_cell_photo_cr.jpg,360,360,C:\Users\Администратор\Desktop\ML\foto\1\1605\1_14_cell_photo_cr.jpg
2,342,157,1_14_cell_photo_cr.jpg,360,360,C:\Users\Администратор\Desktop\ML\foto\1\1605\1_14_cell_photo_cr.jpg
3,5,119,1_14_cell_photo_cr.jpg,360,360,C:\Users\Администратор\Desktop\ML\foto\1\1605\1_14_cell_photo_cr.jpg
1,219,167,1_15_cell_photo_cr.jpg,360,360,C:\Users\Администратор\Desktop\ML\foto\1\1605\1_15_cell_photo_cr.jpg
2,201,48,1_15_cell_photo_cr.jpg,360,360,C:\Users\Администратор\Desktop\ML\foto\1\1605\1_15_cell_photo_cr.jpg
3,193,274,1_15_cell_photo_cr.jpg,360,360,C:\Users\Администратор\Desktop\ML\foto\1\1605\1_15_cell_photo_cr.jpg
1,185,162,1_16_cell_photo_cr.jpg,360,360,C:\Users\Администратор\Desktop\ML\foto\1\1605\1_16_cell_photo_cr.jpg
2,340,46,1_16_cell_photo_cr.jpg,360,360,C:\Users\Администратор\Desktop\ML\foto\1\1605\1_16_cell_photo_cr.jpg
3,47,345,1_16_cell_photo_cr.jpg,360,360,C:\Users\Администратор\Desktop\ML\foto\1\1605\1_16_cell_photo_cr.jpg
3,168,172,1_17_cell_photo_cr.jpg,360,360,C:\Users\Администратор\Desktop\ML\foto\1\1605\1_17_cell_photo_cr.jpg
1,89,179,1_18_cell_photo_cr.jpg,360,360,C:\Users\Администратор\Desktop\ML\foto\1\1605\1_18_cell_photo_cr.jpg
2,185,120,1_18_cell_photo_cr.jpg,360,360,C:\Users\Администратор\Desktop\ML\foto\1\1605\1_18_cell_photo_cr.jpg
1,285,177,1_19_cell_photo_cr.jpg,360,360,C:\Users\Администратор\Desktop\ML\foto\1\1605\1_19_cell_photo_cr.jpg
2,327,104,1_19_cell_photo_cr.jpg,360,360,C:\Users\Администратор\Desktop\ML\foto\1\1605\1_19_cell_photo_cr.jpg
3,297,285,1_19_cell_photo_cr.jpg,360,360,C:\Users\Администратор\Desktop\ML\foto\1\1605\1_19_cell_photo_cr.jpg
1,172,118,1_20_cell_photo_cr.jpg,360,360,C:\Users\Администратор\Desktop\ML\foto\1\1605\1_20_cell_photo_cr.jpg
2,330,124,1_20_cell_photo_cr.jpg,360,360,C:\Users\Администратор\Desktop\ML\foto\1\1605\1_20_cell_photo_cr.jpg
3,4,86,1_20_cell_photo_cr.jpg,360,360,C:\Users\Администратор\Desktop\ML\foto\1\1605\1_20_cell_photo_cr.jpg
1,170,131,1_21_cell_photo_cr.jpg,360,360,C:\Users\Администратор\Desktop\ML\foto\1\1605\1_21_cell_photo_cr.jpg
2,290,130,1_21_cell_photo_cr.jpg,360,360,C:\Users\Администратор\Desktop\ML\foto\1\1605\1_21_cell_photo_cr.jpg
3,66,124,1_21_cell_photo_cr.jpg,360,360,C:\Users\Администратор\Desktop\ML\foto\1\1605\1_21_cell_photo_cr.jpg
1,110,144,1_22_cell_photo_cr.jpg,360,360,C:\Users\Администратор\Desktop\ML\foto\1\1605\1_22_cell_photo_cr.jpg
2,138,357,1_22_cell_photo_cr.jpg,360,360,C:\Users\Администратор\Desktop\ML\foto\1\1605\1_22_cell_photo_cr.jpg
3,113,8,1_22_cell_photo_cr.jpg,360,360,C:\Users\Администратор\Desktop\ML\foto\1\1605\1_22_cell_photo_cr.jpg
4,157,9,1_22_cell_photo_cr.jpg,360,360,C:\Users\Администратор\Desktop\ML\foto\1\1605\1_22_cell_photo_cr.jpg
1,74,292,1_23_cell_photo_cr.jpg,360,360,C:\Users\Администратор\Desktop\ML\foto\1\1605\1_23_cell_photo_cr.jpg
2,37,275,1_23_cell_photo_cr.jpg,360,360,C:\Users\Администратор\Desktop\ML\foto\1\1605\1_23_cell_photo_cr.jpg
1,66,127,1_24_cell_photo_cr.jpg,360,360,C:\Users\Администратор\Desktop\ML\foto\1\1605\1_24_cell_photo_cr.jpg
2,112,207,1_24_cell_photo_cr.jpg,360,360,C:\Users\Администратор\Desktop\ML\foto\1\1605\1_24_cell_photo_cr.jpg
1,193,230,1_25_cell_photo_cr.jpg,360,360,C:\Users\Администратор\Desktop\ML\foto\1\1605\1_25_cell_photo_cr.jpg
2,356,239,1_25_cell_photo_cr.jpg,360,360,C:\Users\Администратор\Desktop\ML\foto\1\1605\1_25_cell_photo_cr.jpg
3,1,153,1_25_cell_photo_cr.jpg,360,360,C:\Users\Администратор\Desktop\ML\foto\1\1605\1_25_cell_photo_cr.jpg
1,165,183,1_26_cell_photo_cr.jpg,360,360,C:\Users\Администратор\Desktop\ML\foto\1\1605\1_26_cell_photo_cr.jpg
2,203,19,1_26_cell_photo_cr.jpg,360,360,C:\Users\Администратор\Desktop\ML\foto\1\1605\1_26_cell_photo_cr.jpg
3,178,299,1_26_cell_photo_cr.jpg,360,360,C:\Users\Администратор\Desktop\ML\foto\1\1605\1_26_cell_photo_cr.jpg
1,226,195,1_27_cell_photo_cr.jpg,360,360,C:\Users\Администратор\Desktop\ML\foto\1\1605\1_27_cell_photo_cr.jpg
2,113,51,1_27_cell_photo_cr.jpg,360,360,C:\Users\Администратор\Desktop\ML\foto\1\1605\1_27_cell_photo_cr.jpg
3,292,294,1_27_cell_photo_cr.jpg,360,360,C:\Users\Администратор\Desktop\ML\foto\1\1605\1_27_cell_photo_cr.jpg
1,237,183,1_28_cell_photo_cr.jpg,360,360,C:\Users\Администратор\Desktop\ML\foto\1\1605\1_28_cell_photo_cr.jpg
2,100,3,1_28_cell_photo_cr.jpg,360,360,C:\Users\Администратор\Desktop\ML\foto\1\1605\1_28_cell_photo_cr.jpg
3,334,284,1_28_cell_photo_cr.jpg,360,360,C:\Users\Администратор\Desktop\ML\foto\1\1605\1_28_cell_photo_cr.jpg
1,107,178,1_29_cell_photo_cr.jpg,360,360,C:\Users\Администратор\Desktop\ML\foto\1\1605\1_29_cell_photo_cr.jpg
2,199,2,1_29_cell_photo_cr.jpg,360,360,C:\Users\Администратор\Desktop\ML\foto\1\1605\1_29_cell_photo_cr.jpg
3,5,249,1_29_cell_photo_cr.jpg,360,360,C:\Users\Администратор\Desktop\ML\foto\1\1605\1_29_cell_photo_cr.jpg
4,153,168,1_29_cell_photo_cr.jpg,360,360,C:\Users\Администратор\Desktop\ML\foto\1\1605\1_29_cell_photo_cr.jpg
1,210,139,1_30_cell_photo_cr.jpg,360,360,C:\Users\Администратор\Desktop\ML\foto\1\1605\1_30_cell_photo_cr.jpg
1,203,190,1_31_cell_photo_cr.jpg,360,360,C:\Users\Администратор\Desktop\ML\foto\1\1605\1_31_cell_photo_cr.jpg
2,104,34,1_31_cell_photo_cr.jpg,360,360,C:\Users\Администратор\Desktop\ML\foto\1\1605\1_31_cell_photo_cr.jpg
3,318,292,1_31_cell_photo_cr.jpg,360,360,C:\Users\Администратор\Desktop\ML\foto\1\1605\1_31_cell_photo_cr.jpg
1,182,281,1_32_cell_photo_cr.jpg,360,360,C:\Users\Администратор\Desktop\ML\foto\1\1605\1_32_cell_photo_cr.jpg
2,179,247,1_32_cell_photo_cr.jpg,360,360,C:\Users\Администратор\Desktop\ML\foto\1\1605\1_32_cell_photo_cr.jpg
3,202,324,1_32_cell_photo_cr.jpg,360,360,C:\Users\Администратор\Desktop\ML\foto\1\1605\1_32_cell_photo_cr.jpg
1,183,129,1_33_cell_photo_cr.jpg,360,360,C:\Users\Администратор\Desktop\ML\foto\1\1605\1_33_cell_photo_cr.jpg
2,272,64,1_33_cell_photo_cr.jpg,360,360,C:\Users\Администратор\Desktop\ML\foto\1\1605\1_33_cell_photo_cr.jpg
3,87,222,1_33_cell_photo_cr.jpg,360,360,C:\Users\Администратор\Desktop\ML\foto\1\1605\1_33_cell_photo_cr.jpg
1,186,207,1_34_cell_photo_cr.jpg,360,360,C:\Users\Администратор\Desktop\ML\foto\1\1605\1_34_cell_photo_cr.jpg
2,248,110,1_34_cell_photo_cr.jpg,360,360,C:\Users\Администратор\Desktop\ML\foto\1\1605\1_34_cell_photo_cr.jpg
3,122,306,1_34_cell_photo_cr.jpg,360,360,C:\Users\Администратор\Desktop\ML\foto\1\1605\1_34_cell_photo_cr.jpg
1,56,195,1_35_cell_photo_cr.jpg,360,360,C:\Users\Администратор\Desktop\ML\foto\1\1605\1_35_cell_photo_cr.jpg
1,201,183,1_36_cell_photo_cr.jpg,360,360,C:\Users\Администратор\Desktop\ML\foto\1\1605\1_36_cell_photo_cr.jpg
2,337,197,1_36_cell_photo_cr.jpg,360,360,C:\Users\Администратор\Desktop\ML\foto\1\1605\1_36_cell_photo_cr.jpg
3,2,162,1_36_cell_photo_cr.jpg,360,360,C:\Users\Администратор\Desktop\ML\foto\1\1605\1_36_cell_photo_cr.jpg
1,194,274,1_37_cell_photo_cr.jpg,360,360,C:\Users\Администратор\Desktop\ML\foto\1\1605\1_37_cell_photo_cr.jpg
2,3,141,1_37_cell_photo_cr.jpg,360,360,C:\Users\Администратор\Desktop\ML\foto\1\1605\1_37_cell_photo_cr.jpg
3,355,324,1_37_cell_photo_cr.jpg,360,360,C:\Users\Администратор\Desktop\ML\foto\1\1605\1_37_cell_photo_cr.jpg
1,175,182,1_38_cell_photo_cr.jpg,360,360,C:\Users\Администратор\Desktop\ML\foto\1\1605\1_38_cell_photo_cr.jpg
2,205,115,1_38_cell_photo_cr.jpg,360,360,C:\Users\Администратор\Desktop\ML\foto\1\1605\1_38_cell_photo_cr.jpg
3,160,264,1_38_cell_photo_cr.jpg,360,360,C:\Users\Администратор\Desktop\ML\foto\1\1605\1_38_cell_photo_cr.jpg
1,143,72,1_39_cell_photo_cr.jpg,360,360,C:\Users\Администратор\Desktop\ML\foto\1\1605\1_39_cell_photo_cr.jpg
2,218,3,1_39_cell_photo_cr.jpg,360,360,C:\Users\Администратор\Desktop\ML\foto\1\1605\1_39_cell_photo_cr.jpg
3,17,46,1_39_cell_photo_cr.jpg,360,360,C:\Users\Администратор\Desktop\ML\foto\1\1605\1_39_cell_photo_cr.jpg
1,55,49,1_40_cell_photo_cr.jpg,360,360,C:\Users\Администратор\Desktop\ML\foto\1\1605\1_40_cell_photo_cr.jpg
1,169,210,1_41_cell_photo_cr.jpg,360,360,C:\Users\Администратор\Desktop\ML\foto\1\1605\1_41_cell_photo_cr.jpg
2,25,199,1_41_cell_photo_cr.jpg,360,360,C:\Users\Администратор\Desktop\ML\foto\1\1605\1_41_cell_photo_cr.jpg
3,305,251,1_41_cell_photo_cr.jpg,360,360,C:\Users\Администратор\Desktop\ML\foto\1\1605\1_41_cell_photo_cr.jpg
1,156,123,1_42_cell_photo_cr.jpg,360,360,C:\Users\Администратор\Desktop\ML\foto\1\1605\1_42_cell_photo_cr.jpg
2,297,16,1_42_cell_photo_cr.jpg,360,360,C:\Users\Администратор\Desktop\ML\foto\1\1605\1_42_cell_photo_cr.jpg
3,97,354,1_42_cell_photo_cr.jpg,360,360,C:\Users\Администратор\Desktop\ML\foto\1\1605\1_42_cell_photo_cr.jpg
1,198,208,1_43_cell_photo_cr.jpg,360,360,C:\Users\Администратор\Desktop\ML\foto\1\1605\1_43_cell_photo_cr.jpg
2,59,189,1_43_cell_photo_cr.jpg,360,360,C:\Users\Администратор\Desktop\ML\foto\1\1605\1_43_cell_photo_cr.jpg
3,298,188,1_43_cell_photo_cr.jpg,360,360,C:\Users\Администратор\Desktop\ML\foto\1\1605\1_43_cell_photo_cr.jpg
1,164,208,1_44_cell_photo_cr.jpg,360,360,C:\Users\Администратор\Desktop\ML\foto\1\1605\1_44_cell_photo_cr.jpg
2,326,265,1_44_cell_photo_cr.jpg,360,360,C:\Users\Администратор\Desktop\ML\foto\1\1605\1_44_cell_photo_cr.jpg
3,15,164,1_44_cell_photo_cr.jpg,360,360,C:\Users\Администратор\Desktop\ML\foto\1\1605\1_44_cell_photo_cr.jpg
1,175,178,1_45_cell_photo_cr.jpg,360,360,C:\Users\Администратор\Desktop\ML\foto\1\1605\1_45_cell_photo_cr.jpg
1,188,165,1_46_cell_photo_cr.jpg,360,360,C:\Users\Администратор\Desktop\ML\foto\1\1605\1_46_cell_photo_cr.jpg
1,173,222,1_47_cell_photo_cr.jpg,360,360,C:\Users\Администратор\Desktop\ML\foto\1\1605\1_47_cell_photo_cr.jpg
2,292,190,1_47_cell_photo_cr.jpg,360,360,C:\Users\Администратор\Desktop\ML\foto\1\1605\1_47_cell_photo_cr.jpg
1,199,206,1_48_cell_photo_cr.jpg,360,360,C:\Users\Администратор\Desktop\ML\foto\1\1605\1_48_cell_photo_cr.jpg
2,141,14,1_48_cell_photo_cr.jpg,360,360,C:\Users\Администратор\Desktop\ML\foto\1\1605\1_48_cell_photo_cr.jpg
3,322,292,1_48_cell_photo_cr.jpg,360,360,C:\Users\Администратор\Desktop\ML\foto\1\1605\1_48_cell_photo_cr.jpg
1,120,154,1_49_cell_photo_cr.jpg,360,360,C:\Users\Администратор\Desktop\ML\foto\1\1605\1_49_cell_photo_cr.jpg
2,29,13,1_49_cell_photo_cr.jpg,360,360,C:\Users\Администратор\Desktop\ML\foto\1\1605\1_49_cell_photo_cr.jpg
3,216,270,1_49_cell_photo_cr.jpg,360,360,C:\Users\Администратор\Desktop\ML\foto\1\1605\1_49_cell_photo_cr.jpg
1,90,84,1_50_cell_photo_cr.jpg,360,360,C:\Users\Администратор\Desktop\ML\foto\1\1605\1_50_cell_photo_cr.jpg
2,7,189,1_50_cell_photo_cr.jpg,360,360,C:\Users\Администратор\Desktop\ML\foto\1\1605\1_50_cell_photo_cr.jpg
1,72,167,1_1_cell_photo_cr.jpg,360,360,C:\Users\Администратор\Desktop\ML\foto\1\1805\1_1_cell_photo_cr.jpg
1,191,131,1_2_cell_photo_cr.jpg,360,360,C:\Users\Администратор\Desktop\ML\foto\1\1805\1_2_cell_photo_cr.jpg
2,208,6,1_2_cell_photo_cr.jpg,360,360,C:\Users\Администратор\Desktop\ML\foto\1\1805\1_2_cell_photo_cr.jpg
3,216,329,1_2_cell_photo_cr.jpg,360,360,C:\Users\Администратор\Desktop\ML\foto\1\1805\1_2_cell_photo_cr.jpg
1,230,171,1_3_cell_photo_cr.jpg,360,360,C:\Users\Администратор\Desktop\ML\foto\1\1805\1_3_cell_photo_cr.jpg
2,82,73,1_3_cell_photo_cr.jpg,360,360,C:\Users\Администратор\Desktop\ML\foto\1\1805\1_3_cell_photo_cr.jpg
3,330,235,1_3_cell_photo_cr.jpg,360,360,C:\Users\Администратор\Desktop\ML\foto\1\1805\1_3_cell_photo_cr.jpg
1,95,150,1_4_cell_photo_cr.jpg,360,360,C:\Users\Администратор\Desktop\ML\foto\1\1805\1_4_cell_photo_cr.jpg
2,123,312,1_4_cell_photo_cr.jpg,360,360,C:\Users\Администратор\Desktop\ML\foto\1\1805\1_4_cell_photo_cr.jpg
3,69,4,1_4_cell_photo_cr.jpg,360,360,C:\Users\Администратор\Desktop\ML\foto\1\1805\1_4_cell_photo_cr.jpg
1,175,157,1_5_cell_photo_cr.jpg,360,360,C:\Users\Администратор\Desktop\ML\foto\1\1805\1_5_cell_photo_cr.jpg
2,230,94,1_5_cell_photo_cr.jpg,360,360,C:\Users\Администратор\Desktop\ML\foto\1\1805\1_5_cell_photo_cr.jpg
3,133,264,1_5_cell_photo_cr.jpg,360,360,C:\Users\Администратор\Desktop\ML\foto\1\1805\1_5_cell_photo_cr.jpg
1,179,355,1_6_cell_photo_cr.jpg,360,360,C:\Users\Администратор\Desktop\ML\foto\1\1805\1_6_cell_photo_cr.jpg
1,120,205,1_7_cell_photo_cr.jpg,360,360,C:\Users\Администратор\Desktop\ML\foto\1\1805\1_7_cell_photo_cr.jpg
2,243,212,1_7_cell_photo_cr.jpg,360,360,C:\Users\Администратор\Desktop\ML\foto\1\1805\1_7_cell_photo_cr.jpg
3,7,140,1_7_cell_photo_cr.jpg,360,360,C:\Users\Администратор\Desktop\ML\foto\1\1805\1_7_cell_photo_cr.jpg
1,234,187,1_8_cell_photo_cr.jpg,360,360,C:\Users\Администратор\Desktop\ML\foto\1\1805\1_8_cell_photo_cr.jpg
2,230,277,1_8_cell_photo_cr.jpg,360,360,C:\Users\Администратор\Desktop\ML\foto\1\1805\1_8_cell_photo_cr.jpg
1,191,188,1_9_cell_photo_cr.jpg,360,360,C:\Users\Администратор\Desktop\ML\foto\1\1805\1_9_cell_photo_cr.jpg
2,57,21,1_9_cell_photo_cr.jpg,360,360,C:\Users\Администратор\Desktop\ML\foto\1\1805\1_9_cell_photo_cr.jpg
3,313,309,1_9_cell_photo_cr.jpg,360,360,C:\Users\Администратор\Desktop\ML\foto\1\1805\1_9_cell_photo_cr.jpg
1,96,111,1_10_cell_photo_cr.jpg,360,360,C:\Users\Администратор\Desktop\ML\foto\1\1805\1_10_cell_photo_cr.jpg
2,143,80,1_10_cell_photo_cr.jpg,360,360,C:\Users\Администратор\Desktop\ML\foto\1\1805\1_10_cell_photo_cr.jpg
3,10,18,1_10_cell_photo_cr.jpg,360,360,C:\Users\Администратор\Desktop\ML\foto\1\1805\1_10_cell_photo_cr.jpg
4,140,353,1_10_cell_photo_cr.jpg,360,360,C:\Users\Администратор\Desktop\ML\foto\1\1805\1_10_cell_photo_cr.jpg
1,148,86,1_11_cell_photo_cr.jpg,360,360,C:\Users\Администратор\Desktop\ML\foto\1\1805\1_11_cell_photo_cr.jpg
1,213,89,1_12_cell_photo_cr.jpg,360,360,C:\Users\Администратор\Desktop\ML\foto\1\1805\1_12_cell_photo_cr.jpg
2,210,3,1_12_cell_photo_cr.jpg,360,360,C:\Users\Администратор\Desktop\ML\foto\1\1805\1_12_cell_photo_cr.jpg
3,318,187,1_12_cell_photo_cr.jpg,360,360,C:\Users\Администратор\Desktop\ML\foto\1\1805\1_12_cell_photo_cr.jpg
1,166,151,1_13_cell_photo_cr.jpg,360,360,C:\Users\Администратор\Desktop\ML\foto\1\1805\1_13_cell_photo_cr.jpg
2,257,83,1_13_cell_photo_cr.jpg,360,360,C:\Users\Администратор\Desktop\ML\foto\1\1805\1_13_cell_photo_cr.jpg
3,29,274,1_13_cell_photo_cr.jpg,360,360,C:\Users\Администратор\Desktop\ML\foto\1\1805\1_13_cell_photo_cr.jpg
1,178,160,1_14_cell_photo_cr.jpg,360,360,C:\Users\Администратор\Desktop\ML\foto\1\1805\1_14_cell_photo_cr.jpg
2,4,172,1_14_cell_photo_cr.jpg,360,360,C:\Users\Администратор\Desktop\ML\foto\1\1805\1_14_cell_photo_cr.jpg
3,342,198,1_14_cell_photo_cr.jpg,360,360,C:\Users\Администратор\Desktop\ML\foto\1\1805\1_14_cell_photo_cr.jpg
1,234,165,1_15_cell_photo_cr.jpg,360,360,C:\Users\Администратор\Desktop\ML\foto\1\1805\1_15_cell_photo_cr.jpg
2,223,43,1_15_cell_photo_cr.jpg,360,360,C:\Users\Администратор\Desktop\ML\foto\1\1805\1_15_cell_photo_cr.jpg
3,183,275,1_15_cell_photo_cr.jpg,360,360,C:\Users\Администратор\Desktop\ML\foto\1\1805\1_15_cell_photo_cr.jpg
1,205,159,1_16_cell_photo_cr.jpg,360,360,C:\Users\Администратор\Desktop\ML\foto\1\1805\1_16_cell_photo_cr.jpg
2,340,51,1_16_cell_photo_cr.jpg,360,360,C:\Users\Администратор\Desktop\ML\foto\1\1805\1_16_cell_photo_cr.jpg
3,12,332,1_16_cell_photo_cr.jpg,360,360,C:\Users\Администратор\Desktop\ML\foto\1\1805\1_16_cell_photo_cr.jpg
4,238,172,1_16_cell_photo_cr.jpg,360,360,C:\Users\Администратор\Desktop\ML\foto\1\1805\1_16_cell_photo_cr.jpg
1,178,164,1_17_cell_photo_cr.jpg,360,360,C:\Users\Администратор\Desktop\ML\foto\1\1805\1_17_cell_photo_cr.jpg
1,185,145,1_18_cell_photo_cr.jpg,360,360,C:\Users\Администратор\Desktop\ML\foto\1\1805\1_18_cell_photo_cr.jpg
2,283,80,1_18_cell_photo_cr.jpg,360,360,C:\Users\Администратор\Desktop\ML\foto\1\1805\1_18_cell_photo_cr.jpg
3,0,214,1_18_cell_photo_cr.jpg,360,360,C:\Users\Администратор\Desktop\ML\foto\1\1805\1_18_cell_photo_cr.jpg
1,287,160,1_19_cell_photo_cr.jpg,360,360,C:\Users\Администратор\Desktop\ML\foto\1\1805\1_19_cell_photo_cr.jpg
2,324,78,1_19_cell_photo_cr.jpg,360,360,C:\Users\Администратор\Desktop\ML\foto\1\1805\1_19_cell_photo_cr.jpg
3,270,279,1_19_cell_photo_cr.jpg,360,360,C:\Users\Администратор\Desktop\ML\foto\1\1805\1_19_cell_photo_cr.jpg
1,113,129,1_20_cell_photo_cr.jpg,360,360,C:\Users\Администратор\Desktop\ML\foto\1\1805\1_20_cell_photo_cr.jpg
2,292,108,1_20_cell_photo_cr.jpg,360,360,C:\Users\Администратор\Desktop\ML\foto\1\1805\1_20_cell_photo_cr.jpg
3,14,128,1_20_cell_photo_cr.jpg,360,360,C:\Users\Администратор\Desktop\ML\foto\1\1805\1_20_cell_photo_cr.jpg
1,148,158,1_21_cell_photo_cr.jpg,360,360,C:\Users\Администратор\Desktop\ML\foto\1\1805\1_21_cell_photo_cr.jpg
2,285,168,1_21_cell_photo_cr.jpg,360,360,C:\Users\Администратор\Desktop\ML\foto\1\1805\1_21_cell_photo_cr.jpg
3,29,111,1_21_cell_photo_cr.jpg,360,360,C:\Users\Администратор\Desktop\ML\foto\1\1805\1_21_cell_photo_cr.jpg
1,102,148,1_22_cell_photo_cr.jpg,360,360,C:\Users\Администратор\Desktop\ML\foto\1\1805\1_22_cell_photo_cr.jpg
2,119,8,1_22_cell_photo_cr.jpg,360,360,C:\Users\Администратор\Desktop\ML\foto\1\1805\1_22_cell_photo_cr.jpg
3,164,341,1_22_cell_photo_cr.jpg,360,360,C:\Users\Администратор\Desktop\ML\foto\1\1805\1_22_cell_photo_cr.jpg
4,168,8,1_22_cell_photo_cr.jpg,360,360,C:\Users\Администратор\Desktop\ML\foto\1\1805\1_22_cell_photo_cr.jpg
5,170,171,1_22_cell_photo_cr.jpg,360,360,C:\Users\Администратор\Desktop\ML\foto\1\1805\1_22_cell_photo_cr.jpg
1,70,270,1_23_cell_photo_cr.jpg,360,360,C:\Users\Администратор\Desktop\ML\foto\1\1805\1_23_cell_photo_cr.jpg
2,36,274,1_23_cell_photo_cr.jpg,360,360,C:\Users\Администратор\Desktop\ML\foto\1\1805\1_23_cell_photo_cr.jpg
1,35,162,1_24_cell_photo_cr.jpg,360,360,C:\Users\Администратор\Desktop\ML\foto\1\1805\1_24_cell_photo_cr.jpg
2,99,244,1_24_cell_photo_cr.jpg,360,360,C:\Users\Администратор\Desktop\ML\foto\1\1805\1_24_cell_photo_cr.jpg
3,123,227,1_24_cell_photo_cr.jpg,360,360,C:\Users\Администратор\Desktop\ML\foto\1\1805\1_24_cell_photo_cr.jpg
1,200,190,1_25_cell_photo_cr.jpg,360,360,C:\Users\Администратор\Desktop\ML\foto\1\1805\1_25_cell_photo_cr.jpg
2,181,227,1_25_cell_photo_cr.jpg,360,360,C:\Users\Администратор\Desktop\ML\foto\1\1805\1_25_cell_photo_cr.jpg
3,8,165,1_25_cell_photo_cr.jpg,360,360,C:\Users\Администратор\Desktop\ML\foto\1\1805\1_25_cell_photo_cr.jpg
4,357,192,1_25_cell_photo_cr.jpg,360,360,C:\Users\Администратор\Desktop\ML\foto\1\1805\1_25_cell_photo_cr.jpg
1,138,185,1_26_cell_photo_cr.jpg,360,360,C:\Users\Администратор\Desktop\ML\foto\1\1805\1_26_cell_photo_cr.jpg
2,178,19,1_26_cell_photo_cr.jpg,360,360,C:\Users\Администратор\Desktop\ML\foto\1\1805\1_26_cell_photo_cr.jpg
3,173,302,1_26_cell_photo_cr.jpg,360,360,C:\Users\Администратор\Desktop\ML\foto\1\1805\1_26_cell_photo_cr.jpg
1,200,185,1_27_cell_photo_cr.jpg,360,360,C:\Users\Администратор\Desktop\ML\foto\1\1805\1_27_cell_photo_cr.jpg
2,93,76,1_27_cell_photo_cr.jpg,360,360,C:\Users\Администратор\Desktop\ML\foto\1\1805\1_27_cell_photo_cr.jpg
3,282,314,1_27_cell_photo_cr.jpg,360,360,C:\Users\Администратор\Desktop\ML\foto\1\1805\1_27_cell_photo_cr.jpg
1,198,183,1_28_cell_photo_cr.jpg,360,360,C:\Users\Администратор\Desktop\ML\foto\1\1805\1_28_cell_photo_cr.jpg
2,5,19,1_28_cell_photo_cr.jpg,360,360,C:\Users\Администратор\Desktop\ML\foto\1\1805\1_28_cell_photo_cr.jpg
3,328,277,1_28_cell_photo_cr.jpg,360,360,C:\Users\Администратор\Desktop\ML\foto\1\1805\1_28_cell_photo_cr.jpg
1,143,168,1_29_cell_photo_cr.jpg,360,360,C:\Users\Администратор\Desktop\ML\foto\1\1805\1_29_cell_photo_cr.jpg
2,200,209,1_29_cell_photo_cr.jpg,360,360,C:\Users\Администратор\Desktop\ML\foto\1\1805\1_29_cell_photo_cr.jpg
3,4,330,1_29_cell_photo_cr.jpg,360,360,C:\Users\Администратор\Desktop\ML\foto\1\1805\1_29_cell_photo_cr.jpg
4,265,4,1_29_cell_photo_cr.jpg,360,360,C:\Users\Администратор\Desktop\ML\foto\1\1805\1_29_cell_photo_cr.jpg
1,157,143,1_30_cell_photo_cr.jpg,360,360,C:\Users\Администратор\Desktop\ML\foto\1\1805\1_30_cell_photo_cr.jpg
1,166,188,1_31_cell_photo_cr.jpg,360,360,C:\Users\Администратор\Desktop\ML\foto\1\1805\1_31_cell_photo_cr.jpg
2,46,31,1_31_cell_photo_cr.jpg,360,360,C:\Users\Администратор\Desktop\ML\foto\1\1805\1_31_cell_photo_cr.jpg
3,290,283,1_31_cell_photo_cr.jpg,360,360,C:\Users\Администратор\Desktop\ML\foto\1\1805\1_31_cell_photo_cr.jpg
1,156,226,1_32_cell_photo_cr.jpg,360,360,C:\Users\Администратор\Desktop\ML\foto\1\1805\1_32_cell_photo_cr.jpg
2,155,188,1_32_cell_photo_cr.jpg,360,360,C:\Users\Администратор\Desktop\ML\foto\1\1805\1_32_cell_photo_cr.jpg
3,176,269,1_32_cell_photo_cr.jpg,360,360,C:\Users\Администратор\Desktop\ML\foto\1\1805\1_32_cell_photo_cr.jpg
1,193,161,1_33_cell_photo_cr.jpg,360,360,C:\Users\Администратор\Desktop\ML\foto\1\1805\1_33_cell_photo_cr.jpg
2,112,254,1_33_cell_photo_cr.jpg,360,360,C:\Users\Администратор\Desktop\ML\foto\1\1805\1_33_cell_photo_cr.jpg
3,278,91,1_33_cell_photo_cr.jpg,360,360,C:\Users\Администратор\Desktop\ML\foto\1\1805\1_33_cell_photo_cr.jpg
1,159,157,1_34_cell_photo_cr.jpg,360,360,C:\Users\Администратор\Desktop\ML\foto\1\1805\1_34_cell_photo_cr.jpg
2,223,62,1_34_cell_photo_cr.jpg,360,360,C:\Users\Администратор\Desktop\ML\foto\1\1805\1_34_cell_photo_cr.jpg
3,99,259,1_34_cell_photo_cr.jpg,360,360,C:\Users\Администратор\Desktop\ML\foto\1\1805\1_34_cell_photo_cr.jpg
1,87,182,1_35_cell_photo_cr.jpg,360,360,C:\Users\Администратор\Desktop\ML\foto\1\1805\1_35_cell_photo_cr.jpg
1,178,170,1_36_cell_photo_cr.jpg,360,360,C:\Users\Администратор\Desktop\ML\foto\1\1805\1_36_cell_photo_cr.jpg
2,2,101,1_36_cell_photo_cr.jpg,360,360,C:\Users\Администратор\Desktop\ML\foto\1\1805\1_36_cell_photo_cr.jpg
3,345,205,1_36_cell_photo_cr.jpg,360,360,C:\Users\Администратор\Desktop\ML\foto\1\1805\1_36_cell_photo_cr.jpg
4,212,141,1_36_cell_photo_cr.jpg,360,360,C:\Users\Администратор\Desktop\ML\foto\1\1805\1_36_cell_photo_cr.jpg
1,170,183,1_37_cell_photo_cr.jpg,360,360,C:\Users\Администратор\Desktop\ML\foto\1\1805\1_37_cell_photo_cr.jpg
2,0,74,1_37_cell_photo_cr.jpg,360,360,C:\Users\Администратор\Desktop\ML\foto\1\1805\1_37_cell_photo_cr.jpg
3,180,125,1_37_cell_photo_cr.jpg,360,360,C:\Users\Администратор\Desktop\ML\foto\1\1805\1_37_cell_photo_cr.jpg
4,355,239,1_37_cell_photo_cr.jpg,360,360,C:\Users\Администратор\Desktop\ML\foto\1\1805\1_37_cell_photo_cr.jpg
1,170,175,1_38_cell_photo_cr.jpg,360,360,C:\Users\Администратор\Desktop\ML\foto\1\1805\1_38_cell_photo_cr.jpg
2,197,106,1_38_cell_photo_cr.jpg,360,360,C:\Users\Администратор\Desktop\ML\foto\1\1805\1_38_cell_photo_cr.jpg
3,156,250,1_38_cell_photo_cr.jpg,360,360,C:\Users\Администратор\Desktop\ML\foto\1\1805\1_38_cell_photo_cr.jpg
1,12,90,1_39_cell_photo_cr.jpg,360,360,C:\Users\Администратор\Desktop\ML\foto\1\1805\1_39_cell_photo_cr.jpg
1,164,92,1_40_cell_photo_cr.jpg,360,360,C:\Users\Администратор\Desktop\ML\foto\1\1805\1_40_cell_photo_cr.jpg
2,339,73,1_40_cell_photo_cr.jpg,360,360,C:\Users\Администратор\Desktop\ML\foto\1\1805\1_40_cell_photo_cr.jpg
3,25,140,1_40_cell_photo_cr.jpg,360,360,C:\Users\Администратор\Desktop\ML\foto\1\1805\1_40_cell_photo_cr.jpg
4,136,59,1_40_cell_photo_cr.jpg,360,360,C:\Users\Администратор\Desktop\ML\foto\1\1805\1_40_cell_photo_cr.jpg
1,163,181,1_41_cell_photo_cr.jpg,360,360,C:\Users\Администратор\Desktop\ML\foto\1\1805\1_41_cell_photo_cr.jpg
2,20,148,1_41_cell_photo_cr.jpg,360,360,C:\Users\Администратор\Desktop\ML\foto\1\1805\1_41_cell_photo_cr.jpg
3,308,232,1_41_cell_photo_cr.jpg,360,360,C:\Users\Администратор\Desktop\ML\foto\1\1805\1_41_cell_photo_cr.jpg
1,186,159,1_42_cell_photo_cr.jpg,360,360,C:\Users\Администратор\Desktop\ML\foto\1\1805\1_42_cell_photo_cr.jpg
2,330,50,1_42_cell_photo_cr.jpg,360,360,C:\Users\Администратор\Desktop\ML\foto\1\1805\1_42_cell_photo_cr.jpg
3,178,356,1_42_cell_photo_cr.jpg,360,360,C:\Users\Администратор\Desktop\ML\foto\1\1805\1_42_cell_photo_cr.jpg
1,176,211,1_43_cell_photo_cr.jpg,360,360,C:\Users\Администратор\Desktop\ML\foto\1\1805\1_43_cell_photo_cr.jpg
2,309,207,1_43_cell_photo_cr.jpg,360,360,C:\Users\Администратор\Desktop\ML\foto\1\1805\1_43_cell_photo_cr.jpg
3,5,178,1_43_cell_photo_cr.jpg,360,360,C:\Users\Администратор\Desktop\ML\foto\1\1805\1_43_cell_photo_cr.jpg
1,160,193,1_44_cell_photo_cr.jpg,360,360,C:\Users\Администратор\Desktop\ML\foto\1\1805\1_44_cell_photo_cr.jpg
2,25,162,1_44_cell_photo_cr.jpg,360,360,C:\Users\Администратор\Desktop\ML\foto\1\1805\1_44_cell_photo_cr.jpg
3,318,245,1_44_cell_photo_cr.jpg,360,360,C:\Users\Администратор\Desktop\ML\foto\1\1805\1_44_cell_photo_cr.jpg
1,170,178,1_45_cell_photo_cr.jpg,360,360,C:\Users\Администратор\Desktop\ML\foto\1\1805\1_45_cell_photo_cr.jpg
1,153,150,1_46_cell_photo_cr.jpg,360,360,C:\Users\Администратор\Desktop\ML\foto\1\1805\1_46_cell_photo_cr.jpg
1,167,227,1_47_cell_photo_cr.jpg,360,360,C:\Users\Администратор\Desktop\ML\foto\1\1805\1_47_cell_photo_cr.jpg
2,126,240,1_47_cell_photo_cr.jpg,360,360,C:\Users\Администратор\Desktop\ML\foto\1\1805\1_47_cell_photo_cr.jpg
3,278,213,1_47_cell_photo_cr.jpg,360,360,C:\Users\Администратор\Desktop\ML\foto\1\1805\1_47_cell_photo_cr.jpg
1,194,219,1_48_cell_photo_cr.jpg,360,360,C:\Users\Администратор\Desktop\ML\foto\1\1805\1_48_cell_photo_cr.jpg
2,168,24,1_48_cell_photo_cr.jpg,360,360,C:\Users\Администратор\Desktop\ML\foto\1\1805\1_48_cell_photo_cr.jpg
3,295,305,1_48_cell_photo_cr.jpg,360,360,C:\Users\Администратор\Desktop\ML\foto\1\1805\1_48_cell_photo_cr.jpg
1,132,162,1_49_cell_photo_cr.jpg,360,360,C:\Users\Администратор\Desktop\ML\foto\1\1805\1_49_cell_photo_cr.jpg
2,74,31,1_49_cell_photo_cr.jpg,360,360,C:\Users\Администратор\Desktop\ML\foto\1\1805\1_49_cell_photo_cr.jpg
3,231,287,1_49_cell_photo_cr.jpg,360,360,C:\Users\Администратор\Desktop\ML\foto\1\1805\1_49_cell_photo_cr.jpg
1,116,68,1_50_cell_photo_cr.jpg,360,360,C:\Users\Администратор\Desktop\ML\foto\1\1805\1_50_cell_photo_cr.jpg
2,20,90,1_50_cell_photo_cr.jpg,360,360,C:\Users\Администратор\Desktop\ML\foto\1\1805\1_50_cell_photo_cr.jpg
1,70,154,1_1_cell_photo_cr.jpg,360,360,C:\Users\Администратор\Desktop\ML\foto\1\1905\1_1_cell_photo_cr.jpg
1,143,81,1_2_cell_photo_cr.jpg,360,360,C:\Users\Администратор\Desktop\ML\foto\1\1905\1_2_cell_photo_cr.jpg
2,148,212,1_2_cell_photo_cr.jpg,360,360,C:\Users\Администратор\Desktop\ML\foto\1\1905\1_2_cell_photo_cr.jpg
3,168,20,1_2_cell_photo_cr.jpg,360,360,C:\Users\Администратор\Desktop\ML\foto\1\1905\1_2_cell_photo_cr.jpg
1,245,162,1_3_cell_photo_cr.jpg,360,360,C:\Users\Администратор\Desktop\ML\foto\1\1905\1_3_cell_photo_cr.jpg
2,129,71,1_3_cell_photo_cr.jpg,360,360,C:\Users\Администратор\Desktop\ML\foto\1\1905\1_3_cell_photo_cr.jpg
3,337,220,1_3_cell_photo_cr.jpg,360,360,C:\Users\Администратор\Desktop\ML\foto\1\1905\1_3_cell_photo_cr.jpg
1,120,113,1_4_cell_photo_cr.jpg,360,360,C:\Users\Администратор\Desktop\ML\foto\1\1905\1_4_cell_photo_cr.jpg
2,123,4,1_4_cell_photo_cr.jpg,360,360,C:\Users\Администратор\Desktop\ML\foto\1\1905\1_4_cell_photo_cr.jpg
3,149,267,1_4_cell_photo_cr.jpg,360,360,C:\Users\Администратор\Desktop\ML\foto\1\1905\1_4_cell_photo_cr.jpg
1,176,120,1_5_cell_photo_cr.jpg,360,360,C:\Users\Администратор\Desktop\ML\foto\1\1905\1_5_cell_photo_cr.jpg
2,236,64,1_5_cell_photo_cr.jpg,360,360,C:\Users\Администратор\Desktop\ML\foto\1\1905\1_5_cell_photo_cr.jpg
3,144,233,1_5_cell_photo_cr.jpg,360,360,C:\Users\Администратор\Desktop\ML\foto\1\1905\1_5_cell_photo_cr.jpg
1,158,342,1_6_cell_photo_cr.jpg,360,360,C:\Users\Администратор\Desktop\ML\foto\1\1905\1_6_cell_photo_cr.jpg
1,101,175,1_7_cell_photo_cr.jpg,360,360,C:\Users\Администратор\Desktop\ML\foto\1\1905\1_7_cell_photo_cr.jpg
2,213,177,1_7_cell_photo_cr.jpg,360,360,C:\Users\Администратор\Desktop\ML\foto\1\1905\1_7_cell_photo_cr.jpg
3,7,109,1_7_cell_photo_cr.jpg,360,360,C:\Users\Администратор\Desktop\ML\foto\1\1905\1_7_cell_photo_cr.jpg
1,213,158,1_8_cell_photo_cr.jpg,360,360,C:\Users\Администратор\Desktop\ML\foto\1\1905\1_8_cell_photo_cr.jpg
2,240,119,1_8_cell_photo_cr.jpg,360,360,C:\Users\Администратор\Desktop\ML\foto\1\1905\1_8_cell_photo_cr.jpg
3,238,224,1_8_cell_photo_cr.jpg,360,360,C:\Users\Администратор\Desktop\ML\foto\1\1905\1_8_cell_photo_cr.jpg
1,220,163,1_9_cell_photo_cr.jpg,360,360,C:\Users\Администратор\Desktop\ML\foto\1\1905\1_9_cell_photo_cr.jpg
2,181,6,1_9_cell_photo_cr.jpg,360,360,C:\Users\Администратор\Desktop\ML\foto\1\1905\1_9_cell_photo_cr.jpg
3,315,279,1_9_cell_photo_cr.jpg,360,360,C:\Users\Администратор\Desktop\ML\foto\1\1905\1_9_cell_photo_cr.jpg
1,85,123,1_10_cell_photo_cr.jpg,360,360,C:\Users\Администратор\Desktop\ML\foto\1\1905\1_10_cell_photo_cr.jpg
2,59,3,1_10_cell_photo_cr.jpg,360,360,C:\Users\Администратор\Desktop\ML\foto\1\1905\1_10_cell_photo_cr.jpg
3,146,76,1_10_cell_photo_cr.jpg,360,360,C:\Users\Администратор\Desktop\ML\foto\1\1905\1_10_cell_photo_cr.jpg
4,205,352,1_10_cell_photo_cr.jpg,360,360,C:\Users\Администратор\Desktop\ML\foto\1\1905\1_10_cell_photo_cr.jpg
1,221,121,1_11_cell_photo_cr.jpg,360,360,C:\Users\Администратор\Desktop\ML\foto\1\1905\1_11_cell_photo_cr.jpg
1,245,61,1_12_cell_photo_cr.jpg,360,360,C:\Users\Администратор\Desktop\ML\foto\1\1905\1_12_cell_photo_cr.jpg
2,334,165,1_12_cell_photo_cr.jpg,360,360,C:\Users\Администратор\Desktop\ML\foto\1\1905\1_12_cell_photo_cr.jpg
3,250,3,1_12_cell_photo_cr.jpg,360,360,C:\Users\Администратор\Desktop\ML\foto\1\1905\1_12_cell_photo_cr.jpg
1,134,164,1_13_cell_photo_cr.jpg,360,360,C:\Users\Администратор\Desktop\ML\foto\1\1905\1_13_cell_photo_cr.jpg
2,236,102,1_13_cell_photo_cr.jpg,360,360,C:\Users\Администратор\Desktop\ML\foto\1\1905\1_13_cell_photo_cr.jpg
3,33,296,1_13_cell_photo_cr.jpg,360,360,C:\Users\Администратор\Desktop\ML\foto\1\1905\1_13_cell_photo_cr.jpg
1,207,160,1_14_cell_photo_cr.jpg,360,360,C:\Users\Администратор\Desktop\ML\foto\1\1905\1_14_cell_photo_cr.jpg
2,69,179,1_14_cell_photo_cr.jpg,360,360,C:\Users\Администратор\Desktop\ML\foto\1\1905\1_14_cell_photo_cr.jpg
3,347,197,1_14_cell_photo_cr.jpg,360,360,C:\Users\Администратор\Desktop\ML\foto\1\1905\1_14_cell_photo_cr.jpg
4,194,130,1_14_cell_photo_cr.jpg,360,360,C:\Users\Администратор\Desktop\ML\foto\1\1905\1_14_cell_photo_cr.jpg
1,250,152,1_15_cell_photo_cr.jpg,360,360,C:\Users\Администратор\Desktop\ML\foto\1\1905\1_15_cell_photo_cr.jpg
2,303,36,1_15_cell_photo_cr.jpg,360,360,C:\Users\Администратор\Desktop\ML\foto\1\1905\1_15_cell_photo_cr.jpg
3,205,257,1_15_cell_photo_cr.jpg,360,360,C:\Users\Администратор\Desktop\ML\foto\1\1905\1_15_cell_photo_cr.jpg
1,193,131,1_16_cell_photo_cr.jpg,360,360,C:\Users\Администратор\Desktop\ML\foto\1\1905\1_16_cell_photo_cr.jpg
2,329,46,1_16_cell_photo_cr.jpg,360,360,C:\Users\Администратор\Desktop\ML\foto\1\1905\1_16_cell_photo_cr.jpg
3,242,149,1_16_cell_photo_cr.jpg,360,360,C:\Users\Администратор\Desktop\ML\foto\1\1905\1_16_cell_photo_cr.jpg
4,72,321,1_16_cell_photo_cr.jpg,360,360,C:\Users\Администратор\Desktop\ML\foto\1\1905\1_16_cell_photo_cr.jpg
1,172,141,1_17_cell_photo_cr.jpg,360,360,C:\Users\Администратор\Desktop\ML\foto\1\1905\1_17_cell_photo_cr.jpg
1,293,154,1_19_cell_photo_cr.jpg,360,360,C:\Users\Администратор\Desktop\ML\foto\1\1905\1_19_cell_photo_cr.jpg
2,351,78,1_19_cell_photo_cr.jpg,360,360,C:\Users\Администратор\Desktop\ML\foto\1\1905\1_19_cell_photo_cr.jpg
3,295,273,1_19_cell_photo_cr.jpg,360,360,C:\Users\Администратор\Desktop\ML\foto\1\1905\1_19_cell_photo_cr.jpg
1,175,95,1_20_cell_photo_cr.jpg,360,360,C:\Users\Администратор\Desktop\ML\foto\1\1905\1_20_cell_photo_cr.jpg
2,332,74,1_20_cell_photo_cr.jpg,360,360,C:\Users\Администратор\Desktop\ML\foto\1\1905\1_20_cell_photo_cr.jpg
3,30,79,1_20_cell_photo_cr.jpg,360,360,C:\Users\Администратор\Desktop\ML\foto\1\1905\1_20_cell_photo_cr.jpg
1,149,117,1_21_cell_photo_cr.jpg,360,360,C:\Users\Администратор\Desktop\ML\foto\1\1905\1_21_cell_photo_cr.jpg
2,80,61,1_21_cell_photo_cr.jpg,360,360,C:\Users\Администратор\Desktop\ML\foto\1\1905\1_21_cell_photo_cr.jpg
3,274,134,1_21_cell_photo_cr.jpg,360,360,C:\Users\Администратор\Desktop\ML\foto\1\1905\1_21_cell_photo_cr.jpg
1,115,152,1_22_cell_photo_cr.jpg,360,360,C:\Users\Администратор\Desktop\ML\foto\1\1905\1_22_cell_photo_cr.jpg
2,170,157,1_22_cell_photo_cr.jpg,360,360,C:\Users\Администратор\Desktop\ML\foto\1\1905\1_22_cell_photo_cr.jpg
3,152,350,1_22_cell_photo_cr.jpg,360,360,C:\Users\Администратор\Desktop\ML\foto\1\1905\1_22_cell_photo_cr.jpg
4,139,6,1_22_cell_photo_cr.jpg,360,360,C:\Users\Администратор\Desktop\ML\foto\1\1905\1_22_cell_photo_cr.jpg
5,181,11,1_22_cell_photo_cr.jpg,360,360,C:\Users\Администратор\Desktop\ML\foto\1\1905\1_22_cell_photo_cr.jpg
1,64,277,1_23_cell_photo_cr.jpg,360,360,C:\Users\Администратор\Desktop\ML\foto\1\1905\1_23_cell_photo_cr.jpg
2,25,272,1_23_cell_photo_cr.jpg,360,360,C:\Users\Администратор\Desktop\ML\foto\1\1905\1_23_cell_photo_cr.jpg
1,123,134,1_24_cell_photo_cr.jpg,360,360,C:\Users\Администратор\Desktop\ML\foto\1\1905\1_24_cell_photo_cr.jpg
2,175,224,1_24_cell_photo_cr.jpg,360,360,C:\Users\Администратор\Desktop\ML\foto\1\1905\1_24_cell_photo_cr.jpg
1,223,190,1_25_cell_photo_cr.jpg,360,360,C:\Users\Администратор\Desktop\ML\foto\1\1905\1_25_cell_photo_cr.jpg
2,208,224,1_25_cell_photo_cr.jpg,360,360,C:\Users\Администратор\Desktop\ML\foto\1\1905\1_25_cell_photo_cr.jpg
3,232,158,1_25_cell_photo_cr.jpg,360,360,C:\Users\Администратор\Desktop\ML\foto\1\1905\1_25_cell_photo_cr.jpg
4,47,137,1_25_cell_photo_cr.jpg,360,360,C:\Users\Администратор\Desktop\ML\foto\1\1905\1_25_cell_photo_cr.jpg
5,348,181,1_25_cell_photo_cr.jpg,360,360,C:\Users\Администратор\Desktop\ML\foto\1\1905\1_25_cell_photo_cr.jpg
1,188,164,1_26_cell_photo_cr.jpg,360,360,C:\Users\Администратор\Desktop\ML\foto\1\1905\1_26_cell_photo_cr.jpg
2,260,13,1_26_cell_photo_cr.jpg,360,360,C:\Users\Администратор\Desktop\ML\foto\1\1905\1_26_cell_photo_cr.jpg
3,223,275,1_26_cell_photo_cr.jpg,360,360,C:\Users\Администратор\Desktop\ML\foto\1\1905\1_26_cell_photo_cr.jpg
1,230,167,1_27_cell_photo_cr.jpg,360,360,C:\Users\Администратор\Desktop\ML\foto\1\1905\1_27_cell_photo_cr.jpg
2,164,28,1_27_cell_photo_cr.jpg,360,360,C:\Users\Администратор\Desktop\ML\foto\1\1905\1_27_cell_photo_cr.jpg
3,233,131,1_27_cell_photo_cr.jpg,360,360,C:\Users\Администратор\Desktop\ML\foto\1\1905\1_27_cell_photo_cr.jpg
4,323,301,1_27_cell_photo_cr.jpg,360,360,C:\Users\Администратор\Desktop\ML\foto\1\1905\1_27_cell_photo_cr.jpg
1,224,164,1_28_cell_photo_cr.jpg,360,360,C:\Users\Администратор\Desktop\ML\foto\1\1905\1_28_cell_photo_cr.jpg
2,337,277,1_28_cell_photo_cr.jpg,360,360,C:\Users\Администратор\Desktop\ML\foto\1\1905\1_28_cell_photo_cr.jpg
3,145,2,1_28_cell_photo_cr.jpg,360,360,C:\Users\Администратор\Desktop\ML\foto\1\1905\1_28_cell_photo_cr.jpg
1,156,137,1_29_cell_photo_cr.jpg,360,360,C:\Users\Администратор\Desktop\ML\foto\1\1905\1_29_cell_photo_cr.jpg
2,233,147,1_29_cell_photo_cr.jpg,360,360,C:\Users\Администратор\Desktop\ML\foto\1\1905\1_29_cell_photo_cr.jpg
3,45,342,1_29_cell_photo_cr.jpg,360,360,C:\Users\Администратор\Desktop\ML\foto\1\1905\1_29_cell_photo_cr.jpg
4,215,1,1_29_cell_photo_cr.jpg,360,360,C:\Users\Администратор\Desktop\ML\foto\1\1905\1_29_cell_photo_cr.jpg
1,163,109,1_30_cell_photo_cr.jpg,360,360,C:\Users\Администратор\Desktop\ML\foto\1\1905\1_30_cell_photo_cr.jpg
1,189,173,1_31_cell_photo_cr.jpg,360,360,C:\Users\Администратор\Desktop\ML\foto\1\1905\1_31_cell_photo_cr.jpg
2,104,26,1_31_cell_photo_cr.jpg,360,360,C:\Users\Администратор\Desktop\ML\foto\1\1905\1_31_cell_photo_cr.jpg
3,303,251,1_31_cell_photo_cr.jpg,360,360,C:\Users\Администратор\Desktop\ML\foto\1\1905\1_31_cell_photo_cr.jpg
1,190,252,1_32_cell_photo_cr.jpg,360,360,C:\Users\Администратор\Desktop\ML\foto\1\1905\1_32_cell_photo_cr.jpg
2,193,217,1_32_cell_photo_cr.jpg,360,360,C:\Users\Администратор\Desktop\ML\foto\1\1905\1_32_cell_photo_cr.jpg
3,211,297,1_32_cell_photo_cr.jpg,360,360,C:\Users\Администратор\Desktop\ML\foto\1\1905\1_32_cell_photo_cr.jpg
1,197,145,1_33_cell_photo_cr.jpg,360,360,C:\Users\Администратор\Desktop\ML\foto\1\1905\1_33_cell_photo_cr.jpg
2,285,76,1_33_cell_photo_cr.jpg,360,360,C:\Users\Администратор\Desktop\ML\foto\1\1905\1_33_cell_photo_cr.jpg
3,123,242,1_33_cell_photo_cr.jpg,360,360,C:\Users\Администратор\Desktop\ML\foto\1\1905\1_33_cell_photo_cr.jpg
1,201,172,1_34_cell_photo_cr.jpg,360,360,C:\Users\Администратор\Desktop\ML\foto\1\1905\1_34_cell_photo_cr.jpg
2,265,90,1_34_cell_photo_cr.jpg,360,360,C:\Users\Администратор\Desktop\ML\foto\1\1905\1_34_cell_photo_cr.jpg
3,136,275,1_34_cell_photo_cr.jpg,360,360,C:\Users\Администратор\Desktop\ML\foto\1\1905\1_34_cell_photo_cr.jpg
1,37,207,1_35_cell_photo_cr.jpg,360,360,C:\Users\Администратор\Desktop\ML\foto\1\1905\1_35_cell_photo_cr.jpg
1,226,120,1_36_cell_photo_cr.jpg,360,360,C:\Users\Администратор\Desktop\ML\foto\1\1905\1_36_cell_photo_cr.jpg
2,105,21,1_36_cell_photo_cr.jpg,360,360,C:\Users\Администратор\Desktop\ML\foto\1\1905\1_36_cell_photo_cr.jpg
3,257,89,1_36_cell_photo_cr.jpg,360,360,C:\Users\Администратор\Desktop\ML\foto\1\1905\1_36_cell_photo_cr.jpg
4,350,157,1_36_cell_photo_cr.jpg,360,360,C:\Users\Администратор\Desktop\ML\foto\1\1905\1_36_cell_photo_cr.jpg
1,186,167,1_37_cell_photo_cr.jpg,360,360,C:\Users\Администратор\Desktop\ML\foto\1\1905\1_37_cell_photo_cr.jpg
2,22,15,1_37_cell_photo_cr.jpg,360,360,C:\Users\Администратор\Desktop\ML\foto\1\1905\1_37_cell_photo_cr.jpg
3,356,189,1_37_cell_photo_cr.jpg,360,360,C:\Users\Администратор\Desktop\ML\foto\1\1905\1_37_cell_photo_cr.jpg
1,188,162,1_38_cell_photo_cr.jpg,360,360,C:\Users\Администратор\Desktop\ML\foto\1\1905\1_38_cell_photo_cr.jpg
2,211,99,1_38_cell_photo_cr.jpg,360,360,C:\Users\Администратор\Desktop\ML\foto\1\1905\1_38_cell_photo_cr.jpg
3,174,239,1_38_cell_photo_cr.jpg,360,360,C:\Users\Администратор\Desktop\ML\foto\1\1905\1_38_cell_photo_cr.jpg
1,145,132,1_39_cell_photo_cr.jpg,360,360,C:\Users\Администратор\Desktop\ML\foto\1\1905\1_39_cell_photo_cr.jpg
2,229,35,1_39_cell_photo_cr.jpg,360,360,C:\Users\Администратор\Desktop\ML\foto\1\1905\1_39_cell_photo_cr.jpg
3,111,262,1_39_cell_photo_cr.jpg,360,360,C:\Users\Администратор\Desktop\ML\foto\1\1905\1_39_cell_photo_cr.jpg
1,108,210,1_40_cell_photo_cr.jpg,360,360,C:\Users\Администратор\Desktop\ML\foto\1\1905\1_40_cell_photo_cr.jpg
2,22,354,1_40_cell_photo_cr.jpg,360,360,C:\Users\Администратор\Desktop\ML\foto\1\1905\1_40_cell_photo_cr.jpg
3,278,147,1_40_cell_photo_cr.jpg,360,360,C:\Users\Администратор\Desktop\ML\foto\1\1905\1_40_cell_photo_cr.jpg
1,161,175,1_41_cell_photo_cr.jpg,360,360,C:\Users\Администратор\Desktop\ML\foto\1\1905\1_41_cell_photo_cr.jpg
2,44,152,1_41_cell_photo_cr.jpg,360,360,C:\Users\Администратор\Desktop\ML\foto\1\1905\1_41_cell_photo_cr.jpg
3,293,220,1_41_cell_photo_cr.jpg,360,360,C:\Users\Администратор\Desktop\ML\foto\1\1905\1_41_cell_photo_cr.jpg
1,158,136,1_42_cell_photo_cr.jpg,360,360,C:\Users\Администратор\Desktop\ML\foto\1\1905\1_42_cell_photo_cr.jpg
2,107,356,1_42_cell_photo_cr.jpg,360,360,C:\Users\Администратор\Desktop\ML\foto\1\1905\1_42_cell_photo_cr.jpg
3,183,165,1_42_cell_photo_cr.jpg,360,360,C:\Users\Администратор\Desktop\ML\foto\1\1905\1_42_cell_photo_cr.jpg
4,347,24,1_42_cell_photo_cr.jpg,360,360,C:\Users\Администратор\Desktop\ML\foto\1\1905\1_42_cell_photo_cr.jpg
1,233,214,1_43_cell_photo_cr.jpg,360,360,C:\Users\Администратор\Desktop\ML\foto\1\1905\1_43_cell_photo_cr.jpg
2,47,184,1_43_cell_photo_cr.jpg,360,360,C:\Users\Администратор\Desktop\ML\foto\1\1905\1_43_cell_photo_cr.jpg
3,213,175,1_43_cell_photo_cr.jpg,360,360,C:\Users\Администратор\Desktop\ML\foto\1\1905\1_43_cell_photo_cr.jpg
4,357,205,1_43_cell_photo_cr.jpg,360,360,C:\Users\Администратор\Desktop\ML\foto\1\1905\1_43_cell_photo_cr.jpg
1,140,187,1_44_cell_photo_cr.jpg,360,360,C:\Users\Администратор\Desktop\ML\foto\1\1905\1_44_cell_photo_cr.jpg
2,138,156,1_44_cell_photo_cr.jpg,360,360,C:\Users\Администратор\Desktop\ML\foto\1\1905\1_44_cell_photo_cr.jpg
3,43,141,1_44_cell_photo_cr.jpg,360,360,C:\Users\Администратор\Desktop\ML\foto\1\1905\1_44_cell_photo_cr.jpg
4,275,250,1_44_cell_photo_cr.jpg,360,360,C:\Users\Администратор\Desktop\ML\foto\1\1905\1_44_cell_photo_cr.jpg
1,177,178,1_45_cell_photo_cr.jpg,360,360,C:\Users\Администратор\Desktop\ML\foto\1\1905\1_45_cell_photo_cr.jpg
1,174,150,1_46_cell_photo_cr.jpg,360,360,C:\Users\Администратор\Desktop\ML\foto\1\1905\1_46_cell_photo_cr.jpg
1,195,193,1_47_cell_photo_cr.jpg,360,360,C:\Users\Администратор\Desktop\ML\foto\1\1905\1_47_cell_photo_cr.jpg
2,299,173,1_47_cell_photo_cr.jpg,360,360,C:\Users\Администратор\Desktop\ML\foto\1\1905\1_47_cell_photo_cr.jpg
3,151,203,1_47_cell_photo_cr.jpg,360,360,C:\Users\Администратор\Desktop\ML\foto\1\1905\1_47_cell_photo_cr.jpg
1,238,183,1_48_cell_photo_cr.jpg,360,360,C:\Users\Администратор\Desktop\ML\foto\1\1905\1_48_cell_photo_cr.jpg
2,245,6,1_48_cell_photo_cr.jpg,360,360,C:\Users\Администратор\Desktop\ML\foto\1\1905\1_48_cell_photo_cr.jpg
3,336,286,1_48_cell_photo_cr.jpg,360,360,C:\Users\Администратор\Desktop\ML\foto\1\1905\1_48_cell_photo_cr.jpg
1,142,178,1_49_cell_photo_cr.jpg,360,360,C:\Users\Администратор\Desktop\ML\foto\1\1905\1_49_cell_photo_cr.jpg
2,91,46,1_49_cell_photo_cr.jpg,360,360,C:\Users\Администратор\Desktop\ML\foto\1\1905\1_49_cell_photo_cr.jpg
3,239,281,1_49_cell_photo_cr.jpg,360,360,C:\Users\Администратор\Desktop\ML\foto\1\1905\1_49_cell_photo_cr.jpg
1,50,68,1_50_cell_photo_cr.jpg,360,360,C:\Users\Администратор\Desktop\ML\foto\1\1905\1_50_cell_photo_cr.jpg
1,133,182,1_10_cell_photo_cr.jpg,360,360,C:\Users\Администратор\Desktop\ML\foto\1\2005\1_10_cell_photo_cr.jpg
2,187,118,1_10_cell_photo_cr.jpg,360,360,C:\Users\Администратор\Desktop\ML\foto\1\2005\1_10_cell_photo_cr.jpg
3,40,4,1_10_cell_photo_cr.jpg,360,360,C:\Users\Администратор\Desktop\ML\foto\1\2005\1_10_cell_photo_cr.jpg
4,275,355,1_10_cell_photo_cr.jpg,360,360,C:\Users\Администратор\Desktop\ML\foto\1\2005\1_10_cell_photo_cr.jpg
1,155,49,1_11_cell_photo_cr.jpg,360,360,C:\Users\Администратор\Desktop\ML\foto\1\2005\1_11_cell_photo_cr.jpg
1,205,133,1_12_cell_photo_cr.jpg,360,360,C:\Users\Администратор\Desktop\ML\foto\1\2005\1_12_cell_photo_cr.jpg
2,134,6,1_12_cell_photo_cr.jpg,360,360,C:\Users\Администратор\Desktop\ML\foto\1\2005\1_12_cell_photo_cr.jpg
3,347,275,1_12_cell_photo_cr.jpg,360,360,C:\Users\Администратор\Desktop\ML\foto\1\2005\1_12_cell_photo_cr.jpg
1,153,183,1_13_cell_photo_cr.jpg,360,360,C:\Users\Администратор\Desktop\ML\foto\1\2005\1_13_cell_photo_cr.jpg
2,258,120,1_13_cell_photo_cr.jpg,360,360,C:\Users\Администратор\Desktop\ML\foto\1\2005\1_13_cell_photo_cr.jpg
3,10,292,1_13_cell_photo_cr.jpg,360,360,C:\Users\Администратор\Desktop\ML\foto\1\2005\1_13_cell_photo_cr.jpg
4,123,151,1_13_cell_photo_cr.jpg,360,360,C:\Users\Администратор\Desktop\ML\foto\1\2005\1_13_cell_photo_cr.jpg
1,168,141,1_14_cell_photo_cr.jpg,360,360,C:\Users\Администратор\Desktop\ML\foto\1\2005\1_14_cell_photo_cr.jpg
2,15,167,1_14_cell_photo_cr.jpg,360,360,C:\Users\Администратор\Desktop\ML\foto\1\2005\1_14_cell_photo_cr.jpg
3,358,170,1_14_cell_photo_cr.jpg,360,360,C:\Users\Администратор\Desktop\ML\foto\1\2005\1_14_cell_photo_cr.jpg
4,170,93,1_14_cell_photo_cr.jpg,360,360,C:\Users\Администратор\Desktop\ML\foto\1\2005\1_14_cell_photo_cr.jpg
1,217,198,1_15_cell_photo_cr.jpg,360,360,C:\Users\Администратор\Desktop\ML\foto\1\2005\1_15_cell_photo_cr.jpg
2,259,34,1_15_cell_photo_cr.jpg,360,360,C:\Users\Администратор\Desktop\ML\foto\1\2005\1_15_cell_photo_cr.jpg
3,205,304,1_15_cell_photo_cr.jpg,360,360,C:\Users\Администратор\Desktop\ML\foto\1\2005\1_15_cell_photo_cr.jpg
4,235,154,1_15_cell_photo_cr.jpg,360,360,C:\Users\Администратор\Desktop\ML\foto\1\2005\1_15_cell_photo_cr.jpg
1,148,144,1_16_cell_photo_cr.jpg,360,360,C:\Users\Администратор\Desktop\ML\foto\1\2005\1_16_cell_photo_cr.jpg
2,24,297,1_16_cell_photo_cr.jpg,360,360,C:\Users\Администратор\Desktop\ML\foto\1\2005\1_16_cell_photo_cr.jpg
3,200,184,1_16_cell_photo_cr.jpg,360,360,C:\Users\Администратор\Desktop\ML\foto\1\2005\1_16_cell_photo_cr.jpg
4,357,48,1_16_cell_photo_cr.jpg,360,360,C:\Users\Администратор\Desktop\ML\foto\1\2005\1_16_cell_photo_cr.jpg
1,105,242,1_17_cell_photo_cr.jpg,360,360,C:\Users\Администратор\Desktop\ML\foto\1\2005\1_17_cell_photo_cr.jpg
1,190,167,1_18_cell_photo_cr.jpg,360,360,C:\Users\Администратор\Desktop\ML\foto\1\2005\1_18_cell_photo_cr.jpg
2,21,265,1_18_cell_photo_cr.jpg,360,360,C:\Users\Администратор\Desktop\ML\foto\1\2005\1_18_cell_photo_cr.jpg
3,353,83,1_18_cell_photo_cr.jpg,360,360,C:\Users\Администратор\Desktop\ML\foto\1\2005\1_18_cell_photo_cr.jpg
4,198,235,1_18_cell_photo_cr.jpg,360,360,C:\Users\Администратор\Desktop\ML\foto\1\2005\1_18_cell_photo_cr.jpg
1,244,160,1_19_cell_photo_cr.jpg,360,360,C:\Users\Администратор\Desktop\ML\foto\1\2005\1_19_cell_photo_cr.jpg
2,236,297,1_19_cell_photo_cr.jpg,360,360,C:\Users\Администратор\Desktop\ML\foto\1\2005\1_19_cell_photo_cr.jpg
3,344,106,1_19_cell_photo_cr.jpg,360,360,C:\Users\Администратор\Desktop\ML\foto\1\2005\1_19_cell_photo_cr.jpg
1,257,342,1_1_cell_photo_cr.jpg,360,360,C:\Users\Администратор\Desktop\ML\foto\1\2005\1_1_cell_photo_cr.jpg
2,155,287,1_1_cell_photo_cr.jpg,360,360,C:\Users\Администратор\Desktop\ML\foto\1\2005\1_1_cell_photo_cr.jpg
3,348,232,1_1_cell_photo_cr.jpg,360,360,C:\Users\Администратор\Desktop\ML\foto\1\2005\1_1_cell_photo_cr.jpg
1,185,82,1_20_cell_photo_cr.jpg,360,360,C:\Users\Администратор\Desktop\ML\foto\1\2005\1_20_cell_photo_cr.jpg
2,37,69,1_20_cell_photo_cr.jpg,360,360,C:\Users\Администратор\Desktop\ML\foto\1\2005\1_20_cell_photo_cr.jpg
3,345,53,1_20_cell_photo_cr.jpg,360,360,C:\Users\Администратор\Desktop\ML\foto\1\2005\1_20_cell_photo_cr.jpg
1,175,153,1_21_cell_photo_cr.jpg,360,360,C:\Users\Администратор\Desktop\ML\foto\1\2005\1_21_cell_photo_cr.jpg
2,318,178,1_21_cell_photo_cr.jpg,360,360,C:\Users\Администратор\Desktop\ML\foto\1\2005\1_21_cell_photo_cr.jpg
3,111,138,1_21_cell_photo_cr.jpg,360,360,C:\Users\Администратор\Desktop\ML\foto\1\2005\1_21_cell_photo_cr.jpg
1,204,169,1_22_cell_photo_cr.jpg,360,360,C:\Users\Администратор\Desktop\ML\foto\1\2005\1_22_cell_photo_cr.jpg
2,283,167,1_22_cell_photo_cr.jpg,360,360,C:\Users\Администратор\Desktop\ML\foto\1\2005\1_22_cell_photo_cr.jpg
3,201,337,1_22_cell_photo_cr.jpg,360,360,C:\Users\Администратор\Desktop\ML\foto\1\2005\1_22_cell_photo_cr.jpg
4,220,8,1_22_cell_photo_cr.jpg,360,360,C:\Users\Администратор\Desktop\ML\foto\1\2005\1_22_cell_photo_cr.jpg
5,241,10,1_22_cell_photo_cr.jpg,360,360,C:\Users\Администратор\Desktop\ML\foto\1\2005\1_22_cell_photo_cr.jpg
1,79,242,1_23_cell_photo_cr.jpg,360,360,C:\Users\Администратор\Desktop\ML\foto\1\2005\1_23_cell_photo_cr.jpg
1,111,210,1_24_cell_photo_cr.jpg,360,360,C:\Users\Администратор\Desktop\ML\foto\1\2005\1_24_cell_photo_cr.jpg
2,101,136,1_24_cell_photo_cr.jpg,360,360,C:\Users\Администратор\Desktop\ML\foto\1\2005\1_24_cell_photo_cr.jpg
1,213,178,1_25_cell_photo_cr.jpg,360,360,C:\Users\Администратор\Desktop\ML\foto\1\2005\1_25_cell_photo_cr.jpg
2,240,140,1_25_cell_photo_cr.jpg,360,360,C:\Users\Администратор\Desktop\ML\foto\1\2005\1_25_cell_photo_cr.jpg
3,7,168,1_25_cell_photo_cr.jpg,360,360,C:\Users\Администратор\Desktop\ML\foto\1\2005\1_25_cell_photo_cr.jpg
4,354,188,1_25_cell_photo_cr.jpg,360,360,C:\Users\Администратор\Desktop\ML\foto\1\2005\1_25_cell_photo_cr.jpg
1,241,167,1_26_cell_photo_cr.jpg,360,360,C:\Users\Администратор\Desktop\ML\foto\1\2005\1_26_cell_photo_cr.jpg
2,233,18,1_26_cell_photo_cr.jpg,360,360,C:\Users\Администратор\Desktop\ML\foto\1\2005\1_26_cell_photo_cr.jpg
3,282,292,1_26_cell_photo_cr.jpg,360,360,C:\Users\Администратор\Desktop\ML\foto\1\2005\1_26_cell_photo_cr.jpg
1,223,178,1_27_cell_photo_cr.jpg,360,360,C:\Users\Администратор\Desktop\ML\foto\1\2005\1_27_cell_photo_cr.jpg
2,155,147,1_27_cell_photo_cr.jpg,360,360,C:\Users\Администратор\Desktop\ML\foto\1\2005\1_27_cell_photo_cr.jpg
3,338,321,1_27_cell_photo_cr.jpg,360,360,C:\Users\Администратор\Desktop\ML\foto\1\2005\1_27_cell_photo_cr.jpg
4,159,4,1_27_cell_photo_cr.jpg,360,360,C:\Users\Администратор\Desktop\ML\foto\1\2005\1_27_cell_photo_cr.jpg
1,239,192,1_28_cell_photo_cr.jpg,360,360,C:\Users\Администратор\Desktop\ML\foto\1\2005\1_28_cell_photo_cr.jpg
2,97,24,1_28_cell_photo_cr.jpg,360,360,C:\Users\Администратор\Desktop\ML\foto\1\2005\1_28_cell_photo_cr.jpg
3,355,299,1_28_cell_photo_cr.jpg,360,360,C:\Users\Администратор\Desktop\ML\foto\1\2005\1_28_cell_photo_cr.jpg
1,170,121,1_29_cell_photo_cr.jpg,360,360,C:\Users\Администратор\Desktop\ML\foto\1\2005\1_29_cell_photo_cr.jpg
2,217,237,1_29_cell_photo_cr.jpg,360,360,C:\Users\Администратор\Desktop\ML\foto\1\2005\1_29_cell_photo_cr.jpg
3,149,207,1_29_cell_photo_cr.jpg,360,360,C:\Users\Администратор\Desktop\ML\foto\1\2005\1_29_cell_photo_cr.jpg
4,7,277,1_29_cell_photo_cr.jpg,360,360,C:\Users\Администратор\Desktop\ML\foto\1\2005\1_29_cell_photo_cr.jpg
5,358,78,1_29_cell_photo_cr.jpg,360,360,C:\Users\Администратор\Desktop\ML\foto\1\2005\1_29_cell_photo_cr.jpg
1,205,144,1_2_cell_photo_cr.jpg,360,360,C:\Users\Администратор\Desktop\ML\foto\1\2005\1_2_cell_photo_cr.jpg
1,67,165,1_30_cell_photo_cr.jpg,360,360,C:\Users\Администратор\Desktop\ML\foto\1\2005\1_30_cell_photo_cr.jpg
1,176,163,1_31_cell_photo_cr.jpg,360,360,C:\Users\Администратор\Desktop\ML\foto\1\2005\1_31_cell_photo_cr.jpg
2,59,51,1_31_cell_photo_cr.jpg,360,360,C:\Users\Администратор\Desktop\ML\foto\1\2005\1_31_cell_photo_cr.jpg
3,307,272,1_31_cell_photo_cr.jpg,360,360,C:\Users\Администратор\Desktop\ML\foto\1\2005\1_31_cell_photo_cr.jpg
1,206,253,1_32_cell_photo_cr.jpg,360,360,C:\Users\Администратор\Desktop\ML\foto\1\2005\1_32_cell_photo_cr.jpg
2,211,226,1_32_cell_photo_cr.jpg,360,360,C:\Users\Администратор\Desktop\ML\foto\1\2005\1_32_cell_photo_cr.jpg
3,226,296,1_32_cell_photo_cr.jpg,360,360,C:\Users\Администратор\Desktop\ML\foto\1\2005\1_32_cell_photo_cr.jpg
1,184,150,1_33_cell_photo_cr.jpg,360,360,C:\Users\Администратор\Desktop\ML\foto\1\2005\1_33_cell_photo_cr.jpg
2,49,242,1_33_cell_photo_cr.jpg,360,360,C:\Users\Администратор\Desktop\ML\foto\1\2005\1_33_cell_photo_cr.jpg
3,283,63,1_33_cell_photo_cr.jpg,360,360,C:\Users\Администратор\Desktop\ML\foto\1\2005\1_33_cell_photo_cr.jpg
1,226,173,1_34_cell_photo_cr.jpg,360,360,C:\Users\Администратор\Desktop\ML\foto\1\2005\1_34_cell_photo_cr.jpg
2,304,86,1_34_cell_photo_cr.jpg,360,360,C:\Users\Администратор\Desktop\ML\foto\1\2005\1_34_cell_photo_cr.jpg
3,168,271,1_34_cell_photo_cr.jpg,360,360,C:\Users\Администратор\Desktop\ML\foto\1\2005\1_34_cell_photo_cr.jpg
1,38,190,1_35_cell_photo_cr.jpg,360,360,C:\Users\Администратор\Desktop\ML\foto\1\2005\1_35_cell_photo_cr.jpg
1,194,133,1_36_cell_photo_cr.jpg,360,360,C:\Users\Администратор\Desktop\ML\foto\1\2005\1_36_cell_photo_cr.jpg
2,233,95,1_36_cell_photo_cr.jpg,360,360,C:\Users\Администратор\Desktop\ML\foto\1\2005\1_36_cell_photo_cr.jpg
3,10,84,1_36_cell_photo_cr.jpg,360,360,C:\Users\Администратор\Desktop\ML\foto\1\2005\1_36_cell_photo_cr.jpg
4,352,196,1_36_cell_photo_cr.jpg,360,360,C:\Users\Администратор\Desktop\ML\foto\1\2005\1_36_cell_photo_cr.jpg
1,202,135,1_37_cell_photo_cr.jpg,360,360,C:\Users\Администратор\Desktop\ML\foto\1\2005\1_37_cell_photo_cr.jpg
2,210,68,1_37_cell_photo_cr.jpg,360,360,C:\Users\Администратор\Desktop\ML\foto\1\2005\1_37_cell_photo_cr.jpg
3,237,165,1_37_cell_photo_cr.jpg,360,360,C:\Users\Администратор\Desktop\ML\foto\1\2005\1_37_cell_photo_cr.jpg
4,4,66,1_37_cell_photo_cr.jpg,360,360,C:\Users\Администратор\Desktop\ML\foto\1\2005\1_37_cell_photo_cr.jpg
5,350,167,1_37_cell_photo_cr.jpg,360,360,C:\Users\Администратор\Desktop\ML\foto\1\2005\1_37_cell_photo_cr.jpg
1,205,170,1_38_cell_photo_cr.jpg,360,360,C:\Users\Администратор\Desktop\ML\foto\1\2005\1_38_cell_photo_cr.jpg
2,245,107,1_38_cell_photo_cr.jpg,360,360,C:\Users\Администратор\Desktop\ML\foto\1\2005\1_38_cell_photo_cr.jpg
3,212,231,1_38_cell_photo_cr.jpg,360,360,C:\Users\Администратор\Desktop\ML\foto\1\2005\1_38_cell_photo_cr.jpg
1,161,129,1_39_cell_photo_cr.jpg,360,360,C:\Users\Администратор\Desktop\ML\foto\1\2005\1_39_cell_photo_cr.jpg
2,243,76,1_39_cell_photo_cr.jpg,360,360,C:\Users\Администратор\Desktop\ML\foto\1\2005\1_39_cell_photo_cr.jpg
3,101,249,1_39_cell_photo_cr.jpg,360,360,C:\Users\Администратор\Desktop\ML\foto\1\2005\1_39_cell_photo_cr.jpg
1,210,188,1_3_cell_photo_cr.jpg,360,360,C:\Users\Администратор\Desktop\ML\foto\1\2005\1_3_cell_photo_cr.jpg
2,118,124,1_3_cell_photo_cr.jpg,360,360,C:\Users\Администратор\Desktop\ML\foto\1\2005\1_3_cell_photo_cr.jpg
3,336,252,1_3_cell_photo_cr.jpg,360,360,C:\Users\Администратор\Desktop\ML\foto\1\2005\1_3_cell_photo_cr.jpg
1,164,305,1_40_cell_photo_cr.jpg,360,360,C:\Users\Администратор\Desktop\ML\foto\1\2005\1_40_cell_photo_cr.jpg
2,135,354,1_40_cell_photo_cr.jpg,360,360,C:\Users\Администратор\Desktop\ML\foto\1\2005\1_40_cell_photo_cr.jpg
3,351,304,1_40_cell_photo_cr.jpg,360,360,C:\Users\Администратор\Desktop\ML\foto\1\2005\1_40_cell_photo_cr.jpg
2,284,159,1_41_cell_photo_cr.jpg,360,360,C:\Users\Администратор\Desktop\ML\foto\1\2005\1_41_cell_photo_cr.jpg
1,140,145,1_42_cell_photo_cr.jpg,360,360,C:\Users\Администратор\Desktop\ML\foto\1\2005\1_42_cell_photo_cr.jpg
2,162,187,1_42_cell_photo_cr.jpg,360,360,C:\Users\Администратор\Desktop\ML\foto\1\2005\1_42_cell_photo_cr.jpg
3,333,22,1_42_cell_photo_cr.jpg,360,360,C:\Users\Администратор\Desktop\ML\foto\1\2005\1_42_cell_photo_cr.jpg
4,29,356,1_42_cell_photo_cr.jpg,360,360,C:\Users\Администратор\Desktop\ML\foto\1\2005\1_42_cell_photo_cr.jpg
1,153,202,1_43_cell_photo_cr.jpg,360,360,C:\Users\Администратор\Desktop\ML\foto\1\2005\1_43_cell_photo_cr.jpg
2,136,159,1_43_cell_photo_cr.jpg,360,360,C:\Users\Администратор\Desktop\ML\foto\1\2005\1_43_cell_photo_cr.jpg
3,175,169,1_43_cell_photo_cr.jpg,360,360,C:\Users\Администратор\Desktop\ML\foto\1\2005\1_43_cell_photo_cr.jpg
4,13,174,1_43_cell_photo_cr.jpg,360,360,C:\Users\Администратор\Desktop\ML\foto\1\2005\1_43_cell_photo_cr.jpg
5,345,229,1_43_cell_photo_cr.jpg,360,360,C:\Users\Администратор\Desktop\ML\foto\1\2005\1_43_cell_photo_cr.jpg
1,170,198,1_44_cell_photo_cr.jpg,360,360,C:\Users\Администратор\Desktop\ML\foto\1\2005\1_44_cell_photo_cr.jpg
2,172,150,1_44_cell_photo_cr.jpg,360,360,C:\Users\Администратор\Desktop\ML\foto\1\2005\1_44_cell_photo_cr.jpg
3,8,172,1_44_cell_photo_cr.jpg,360,360,C:\Users\Администратор\Desktop\ML\foto\1\2005\1_44_cell_photo_cr.jpg
4,347,314,1_44_cell_photo_cr.jpg,360,360,C:\Users\Администратор\Desktop\ML\foto\1\2005\1_44_cell_photo_cr.jpg
1,183,174,1_45_cell_photo_cr.jpg,360,360,C:\Users\Администратор\Desktop\ML\foto\1\2005\1_45_cell_photo_cr.jpg
1,163,158,1_46_cell_photo_cr.jpg,360,360,C:\Users\Администратор\Desktop\ML\foto\1\2005\1_46_cell_photo_cr.jpg
1,200,223,1_47_cell_photo_cr.jpg,360,360,C:\Users\Администратор\Desktop\ML\foto\1\2005\1_47_cell_photo_cr.jpg
2,302,220,1_47_cell_photo_cr.jpg,360,360,C:\Users\Администратор\Desktop\ML\foto\1\2005\1_47_cell_photo_cr.jpg
3,162,237,1_47_cell_photo_cr.jpg,360,360,C:\Users\Администратор\Desktop\ML\foto\1\2005\1_47_cell_photo_cr.jpg
1,166,186,1_48_cell_photo_cr.jpg,360,360,C:\Users\Администратор\Desktop\ML\foto\1\2005\1_48_cell_photo_cr.jpg
2,161,28,1_48_cell_photo_cr.jpg,360,360,C:\Users\Администратор\Desktop\ML\foto\1\2005\1_48_cell_photo_cr.jpg
3,329,322,1_48_cell_photo_cr.jpg,360,360,C:\Users\Администратор\Desktop\ML\foto\1\2005\1_48_cell_photo_cr.jpg
1,148,178,1_49_cell_photo_cr.jpg,360,360,C:\Users\Администратор\Desktop\ML\foto\1\2005\1_49_cell_photo_cr.jpg
2,103,59,1_49_cell_photo_cr.jpg,360,360,C:\Users\Администратор\Desktop\ML\foto\1\2005\1_49_cell_photo_cr.jpg
3,253,285,1_49_cell_photo_cr.jpg,360,360,C:\Users\Администратор\Desktop\ML\foto\1\2005\1_49_cell_photo_cr.jpg
1,193,183,1_4_cell_photo_cr.jpg,360,360,C:\Users\Администратор\Desktop\ML\foto\1\2005\1_4_cell_photo_cr.jpg
2,171,11,1_4_cell_photo_cr.jpg,360,360,C:\Users\Администратор\Desktop\ML\foto\1\2005\1_4_cell_photo_cr.jpg
3,221,329,1_4_cell_photo_cr.jpg,360,360,C:\Users\Администратор\Desktop\ML\foto\1\2005\1_4_cell_photo_cr.jpg
1,196,97,1_50_cell_photo_cr.jpg,360,360,C:\Users\Администратор\Desktop\ML\foto\1\2005\1_50_cell_photo_cr.jpg
2,152,217,1_50_cell_photo_cr.jpg,360,360,C:\Users\Администратор\Desktop\ML\foto\1\2005\1_50_cell_photo_cr.jpg
3,252,4,1_50_cell_photo_cr.jpg,360,360,C:\Users\Администратор\Desktop\ML\foto\1\2005\1_50_cell_photo_cr.jpg
1,226,152,1_5_cell_photo_cr.jpg,360,360,C:\Users\Администратор\Desktop\ML\foto\1\2005\1_5_cell_photo_cr.jpg
2,318,82,1_5_cell_photo_cr.jpg,360,360,C:\Users\Администратор\Desktop\ML\foto\1\2005\1_5_cell_photo_cr.jpg
3,174,264,1_5_cell_photo_cr.jpg,360,360,C:\Users\Администратор\Desktop\ML\foto\1\2005\1_5_cell_photo_cr.jpg
1,163,203,1_6_cell_photo_cr.jpg,360,360,C:\Users\Администратор\Desktop\ML\foto\1\2005\1_6_cell_photo_cr.jpg
1,163,207,1_7_cell_photo_cr.jpg,360,360,C:\Users\Администратор\Desktop\ML\foto\1\2005\1_7_cell_photo_cr.jpg
2,55,155,1_7_cell_photo_cr.jpg,360,360,C:\Users\Администратор\Desktop\ML\foto\1\2005\1_7_cell_photo_cr.jpg
3,285,209,1_7_cell_photo_cr.jpg,360,360,C:\Users\Администратор\Desktop\ML\foto\1\2005\1_7_cell_photo_cr.jpg
1,217,234,1_8_cell_photo_cr.jpg,360,360,C:\Users\Администратор\Desktop\ML\foto\1\2005\1_8_cell_photo_cr.jpg
2,275,202,1_8_cell_photo_cr.jpg,360,360,C:\Users\Администратор\Desktop\ML\foto\1\2005\1_8_cell_photo_cr.jpg
3,243,314,1_8_cell_photo_cr.jpg,360,360,C:\Users\Администратор\Desktop\ML\foto\1\2005\1_8_cell_photo_cr.jpg
1,198,152,1_9_cell_photo_cr.jpg,360,360,C:\Users\Администратор\Desktop\ML\foto\1\2005\1_9_cell_photo_cr.jpg
2,113,12,1_9_cell_photo_cr.jpg,360,360,C:\Users\Администратор\Desktop\ML\foto\1\2005\1_9_cell_photo_cr.jpg
3,354,252,1_9_cell_photo_cr.jpg,360,360,C:\Users\Администратор\Desktop\ML\foto\1\2005\1_9_cell_photo_cr.jpg
4,211,133,1_9_cell_photo_cr.jpg,360,360,C:\Users\Администратор\Desktop\ML\foto\1\2005\1_9_cell_photo_cr.jpg
1,163,126,1_10_cell_photo_cr.jpg,360,360,C:\Users\Администратор\Desktop\ML\foto\1\2105\1_10_cell_photo_cr.jpg
2,240,46,1_10_cell_photo_cr.jpg,360,360,C:\Users\Администратор\Desktop\ML\foto\1\2105\1_10_cell_photo_cr.jpg
3,161,1,1_10_cell_photo_cr.jpg,360,360,C:\Users\Администратор\Desktop\ML\foto\1\2105\1_10_cell_photo_cr.jpg
4,315,354,1_10_cell_photo_cr.jpg,360,360,C:\Users\Администратор\Desktop\ML\foto\1\2105\1_10_cell_photo_cr.jpg
1,94,26,1_11_cell_photo_cr.jpg,360,360,C:\Users\Администратор\Desktop\ML\foto\1\2105\1_11_cell_photo_cr.jpg
1,199,181,1_12_cell_photo_cr.jpg,360,360,C:\Users\Администратор\Desktop\ML\foto\1\2105\1_12_cell_photo_cr.jpg
2,99,18,1_12_cell_photo_cr.jpg,360,360,C:\Users\Администратор\Desktop\ML\foto\1\2105\1_12_cell_photo_cr.jpg
3,291,352,1_12_cell_photo_cr.jpg,360,360,C:\Users\Администратор\Desktop\ML\foto\1\2105\1_12_cell_photo_cr.jpg
1,188,162,1_13_cell_photo_cr.jpg,360,360,C:\Users\Администратор\Desktop\ML\foto\1\2105\1_13_cell_photo_cr.jpg
2,294,100,1_13_cell_photo_cr.jpg,360,360,C:\Users\Администратор\Desktop\ML\foto\1\2105\1_13_cell_photo_cr.jpg
3,160,133,1_13_cell_photo_cr.jpg,360,360,C:\Users\Администратор\Desktop\ML\foto\1\2105\1_13_cell_photo_cr.jpg
4,35,267,1_13_cell_photo_cr.jpg,360,360,C:\Users\Администратор\Desktop\ML\foto\1\2105\1_13_cell_photo_cr.jpg
1,168,153,1_14_cell_photo_cr.jpg,360,360,C:\Users\Администратор\Desktop\ML\foto\1\2105\1_14_cell_photo_cr.jpg
2,20,191,1_14_cell_photo_cr.jpg,360,360,C:\Users\Администратор\Desktop\ML\foto\1\2105\1_14_cell_photo_cr.jpg
3,159,81,1_14_cell_photo_cr.jpg,360,360,C:\Users\Администратор\Desktop\ML\foto\1\2105\1_14_cell_photo_cr.jpg
4,324,187,1_14_cell_photo_cr.jpg,360,360,C:\Users\Администратор\Desktop\ML\foto\1\2105\1_14_cell_photo_cr.jpg
1,206,197,1_15_cell_photo_cr.jpg,360,360,C:\Users\Администратор\Desktop\ML\foto\1\2105\1_15_cell_photo_cr.jpg
2,282,80,1_15_cell_photo_cr.jpg,360,360,C:\Users\Администратор\Desktop\ML\foto\1\2105\1_15_cell_photo_cr.jpg
3,177,131,1_15_cell_photo_cr.jpg,360,360,C:\Users\Администратор\Desktop\ML\foto\1\2105\1_15_cell_photo_cr.jpg
4,145,287,1_15_cell_photo_cr.jpg,360,360,C:\Users\Администратор\Desktop\ML\foto\1\2105\1_15_cell_photo_cr.jpg
1,143,149,1_16_cell_photo_cr.jpg,360,360,C:\Users\Администратор\Desktop\ML\foto\1\2105\1_16_cell_photo_cr.jpg
2,233,180,1_16_cell_photo_cr.jpg,360,360,C:\Users\Администратор\Desktop\ML\foto\1\2105\1_16_cell_photo_cr.jpg
3,175,199,1_16_cell_photo_cr.jpg,360,360,C:\Users\Администратор\Desktop\ML\foto\1\2105\1_16_cell_photo_cr.jpg
4,357,43,1_16_cell_photo_cr.jpg,360,360,C:\Users\Администратор\Desktop\ML\foto\1\2105\1_16_cell_photo_cr.jpg
5,6,349,1_16_cell_photo_cr.jpg,360,360,C:\Users\Администратор\Desktop\ML\foto\1\2105\1_16_cell_photo_cr.jpg
1,181,126,1_17_cell_photo_cr.jpg,360,360,C:\Users\Администратор\Desktop\ML\foto\1\2105\1_17_cell_photo_cr.jpg
1,165,182,1_18_cell_photo_cr.jpg,360,360,C:\Users\Администратор\Desktop\ML\foto\1\2105\1_18_cell_photo_cr.jpg
2,185,265,1_18_cell_photo_cr.jpg,360,360,C:\Users\Администратор\Desktop\ML\foto\1\2105\1_18_cell_photo_cr.jpg
3,37,301,1_18_cell_photo_cr.jpg,360,360,C:\Users\Администратор\Desktop\ML\foto\1\2105\1_18_cell_photo_cr.jpg
4,350,116,1_18_cell_photo_cr.jpg,360,360,C:\Users\Администратор\Desktop\ML\foto\1\2105\1_18_cell_photo_cr.jpg
1,228,175,1_19_cell_photo_cr.jpg,360,360,C:\Users\Администратор\Desktop\ML\foto\1\2105\1_19_cell_photo_cr.jpg
2,323,104,1_19_cell_photo_cr.jpg,360,360,C:\Users\Администратор\Desktop\ML\foto\1\2105\1_19_cell_photo_cr.jpg
3,233,289,1_19_cell_photo_cr.jpg,360,360,C:\Users\Администратор\Desktop\ML\foto\1\2105\1_19_cell_photo_cr.jpg
1,338,81,1_1_cell_photo_cr.jpg,360,360,C:\Users\Администратор\Desktop\ML\foto\1\2105\1_1_cell_photo_cr.jpg
2,293,113,1_1_cell_photo_cr.jpg,360,360,C:\Users\Администратор\Desktop\ML\foto\1\2105\1_1_cell_photo_cr.jpg
1,191,91,1_20_cell_photo_cr.jpg,360,360,C:\Users\Администратор\Desktop\ML\foto\1\2105\1_20_cell_photo_cr.jpg
2,35,82,1_20_cell_photo_cr.jpg,360,360,C:\Users\Администратор\Desktop\ML\foto\1\2105\1_20_cell_photo_cr.jpg
3,347,89,1_20_cell_photo_cr.jpg,360,360,C:\Users\Администратор\Desktop\ML\foto\1\2105\1_20_cell_photo_cr.jpg
1,170,177,1_21_cell_photo_cr.jpg,360,360,C:\Users\Администратор\Desktop\ML\foto\1\2105\1_21_cell_photo_cr.jpg
2,60,159,1_21_cell_photo_cr.jpg,360,360,C:\Users\Администратор\Desktop\ML\foto\1\2105\1_21_cell_photo_cr.jpg
3,303,225,1_21_cell_photo_cr.jpg,360,360,C:\Users\Администратор\Desktop\ML\foto\1\2105\1_21_cell_photo_cr.jpg
1,176,179,1_22_cell_photo_cr.jpg,360,360,C:\Users\Администратор\Desktop\ML\foto\1\2105\1_22_cell_photo_cr.jpg
2,295,183,1_22_cell_photo_cr.jpg,360,360,C:\Users\Администратор\Desktop\ML\foto\1\2105\1_22_cell_photo_cr.jpg
3,148,337,1_22_cell_photo_cr.jpg,360,360,C:\Users\Администратор\Desktop\ML\foto\1\2105\1_22_cell_photo_cr.jpg
4,178,5,1_22_cell_photo_cr.jpg,360,360,C:\Users\Администратор\Desktop\ML\foto\1\2105\1_22_cell_photo_cr.jpg
1,72,279,1_23_cell_photo_cr.jpg,360,360,C:\Users\Администратор\Desktop\ML\foto\1\2105\1_23_cell_photo_cr.jpg
2,37,255,1_23_cell_photo_cr.jpg,360,360,C:\Users\Администратор\Desktop\ML\foto\1\2105\1_23_cell_photo_cr.jpg
1,37,163,1_24_cell_photo_cr.jpg,360,360,C:\Users\Администратор\Desktop\ML\foto\1\2105\1_24_cell_photo_cr.jpg
2,71,121,1_24_cell_photo_cr.jpg,360,360,C:\Users\Администратор\Desktop\ML\foto\1\2105\1_24_cell_photo_cr.jpg
1,170,180,1_25_cell_photo_cr.jpg,360,360,C:\Users\Администратор\Desktop\ML\foto\1\2105\1_25_cell_photo_cr.jpg
2,121,271,1_25_cell_photo_cr.jpg,360,360,C:\Users\Администратор\Desktop\ML\foto\1\2105\1_25_cell_photo_cr.jpg
3,213,229,1_25_cell_photo_cr.jpg,360,360,C:\Users\Администратор\Desktop\ML\foto\1\2105\1_25_cell_photo_cr.jpg
4,226,119,1_25_cell_photo_cr.jpg,360,360,C:\Users\Администратор\Desktop\ML\foto\1\2105\1_25_cell_photo_cr.jpg
5,4,189,1_25_cell_photo_cr.jpg,360,360,C:\Users\Администратор\Desktop\ML\foto\1\2105\1_25_cell_photo_cr.jpg
6,355,234,1_25_cell_photo_cr.jpg,360,360,C:\Users\Администратор\Desktop\ML\foto\1\2105\1_25_cell_photo_cr.jpg
1,166,147,1_26_cell_photo_cr.jpg,360,360,C:\Users\Администратор\Desktop\ML\foto\1\2105\1_26_cell_photo_cr.jpg
2,206,283,1_26_cell_photo_cr.jpg,360,360,C:\Users\Администратор\Desktop\ML\foto\1\2105\1_26_cell_photo_cr.jpg
3,138,6,1_26_cell_photo_cr.jpg,360,360,C:\Users\Администратор\Desktop\ML\foto\1\2105\1_26_cell_photo_cr.jpg
1,185,182,1_27_cell_photo_cr.jpg,360,360,C:\Users\Администратор\Desktop\ML\foto\1\2105\1_27_cell_photo_cr.jpg
2,89,141,1_27_cell_photo_cr.jpg,360,360,C:\Users\Администратор\Desktop\ML\foto\1\2105\1_27_cell_photo_cr.jpg
3,279,353,1_27_cell_photo_cr.jpg,360,360,C:\Users\Администратор\Desktop\ML\foto\1\2105\1_27_cell_photo_cr.jpg
4,102,2,1_27_cell_photo_cr.jpg,360,360,C:\Users\Администратор\Desktop\ML\foto\1\2105\1_27_cell_photo_cr.jpg
1,204,184,1_28_cell_photo_cr.jpg,360,360,C:\Users\Администратор\Desktop\ML\foto\1\2105\1_28_cell_photo_cr.jpg
2,49,29,1_28_cell_photo_cr.jpg,360,360,C:\Users\Администратор\Desktop\ML\foto\1\2105\1_28_cell_photo_cr.jpg
3,355,342,1_28_cell_photo_cr.jpg,360,360,C:\Users\Администратор\Desktop\ML\foto\1\2105\1_28_cell_photo_cr.jpg
1,175,144,1_29_cell_photo_cr.jpg,360,360,C:\Users\Администратор\Desktop\ML\foto\1\2105\1_29_cell_photo_cr.jpg
2,240,272,1_29_cell_photo_cr.jpg,360,360,C:\Users\Администратор\Desktop\ML\foto\1\2105\1_29_cell_photo_cr.jpg
3,175,244,1_29_cell_photo_cr.jpg,360,360,C:\Users\Администратор\Desktop\ML\foto\1\2105\1_29_cell_photo_cr.jpg
4,221,162,1_29_cell_photo_cr.jpg,360,360,C:\Users\Администратор\Desktop\ML\foto\1\2105\1_29_cell_photo_cr.jpg
5,355,90,1_29_cell_photo_cr.jpg,360,360,C:\Users\Администратор\Desktop\ML\foto\1\2105\1_29_cell_photo_cr.jpg
6,5,297,1_29_cell_photo_cr.jpg,360,360,C:\Users\Администратор\Desktop\ML\foto\1\2105\1_29_cell_photo_cr.jpg
1,188,81,1_2_cell_photo_cr.jpg,360,360,C:\Users\Администратор\Desktop\ML\foto\1\2105\1_2_cell_photo_cr.jpg
1,135,177,1_30_cell_photo_cr.jpg,360,360,C:\Users\Администратор\Desktop\ML\foto\1\2105\1_30_cell_photo_cr.jpg
1,162,177,1_31_cell_photo_cr.jpg,360,360,C:\Users\Администратор\Desktop\ML\foto\1\2105\1_31_cell_photo_cr.jpg
2,35,60,1_31_cell_photo_cr.jpg,360,360,C:\Users\Администратор\Desktop\ML\foto\1\2105\1_31_cell_photo_cr.jpg
3,278,307,1_31_cell_photo_cr.jpg,360,360,C:\Users\Администратор\Desktop\ML\foto\1\2105\1_31_cell_photo_cr.jpg
1,203,255,1_32_cell_photo_cr.jpg,360,360,C:\Users\Администратор\Desktop\ML\foto\1\2105\1_32_cell_photo_cr.jpg
2,205,232,1_32_cell_photo_cr.jpg,360,360,C:\Users\Администратор\Desktop\ML\foto\1\2105\1_32_cell_photo_cr.jpg
3,210,312,1_32_cell_photo_cr.jpg,360,360,C:\Users\Администратор\Desktop\ML\foto\1\2105\1_32_cell_photo_cr.jpg
1,185,126,1_33_cell_photo_cr.jpg,360,360,C:\Users\Администратор\Desktop\ML\foto\1\2105\1_33_cell_photo_cr.jpg
2,308,46,1_33_cell_photo_cr.jpg,360,360,C:\Users\Администратор\Desktop\ML\foto\1\2105\1_33_cell_photo_cr.jpg
3,32,217,1_33_cell_photo_cr.jpg,360,360,C:\Users\Администратор\Desktop\ML\foto\1\2105\1_33_cell_photo_cr.jpg
1,190,175,1_34_cell_photo_cr.jpg,360,360,C:\Users\Администратор\Desktop\ML\foto\1\2105\1_34_cell_photo_cr.jpg
2,288,124,1_34_cell_photo_cr.jpg,360,360,C:\Users\Администратор\Desktop\ML\foto\1\2105\1_34_cell_photo_cr.jpg
3,126,270,1_34_cell_photo_cr.jpg,360,360,C:\Users\Администратор\Desktop\ML\foto\1\2105\1_34_cell_photo_cr.jpg
1,169,182,1_35_cell_photo_cr.jpg,360,360,C:\Users\Администратор\Desktop\ML\foto\1\2105\1_35_cell_photo_cr.jpg
1,197,170,1_36_cell_photo_cr.jpg,360,360,C:\Users\Администратор\Desktop\ML\foto\1\2105\1_36_cell_photo_cr.jpg
2,2,157,1_36_cell_photo_cr.jpg,360,360,C:\Users\Администратор\Desktop\ML\foto\1\2105\1_36_cell_photo_cr.jpg
3,357,238,1_36_cell_photo_cr.jpg,360,360,C:\Users\Администратор\Desktop\ML\foto\1\2105\1_36_cell_photo_cr.jpg
4,265,108,1_36_cell_photo_cr.jpg,360,360,C:\Users\Администратор\Desktop\ML\foto\1\2105\1_36_cell_photo_cr.jpg
1,196,121,1_37_cell_photo_cr.jpg,360,360,C:\Users\Администратор\Desktop\ML\foto\1\2105\1_37_cell_photo_cr.jpg
2,177,11,1_37_cell_photo_cr.jpg,360,360,C:\Users\Администратор\Desktop\ML\foto\1\2105\1_37_cell_photo_cr.jpg
3,235,159,1_37_cell_photo_cr.jpg,360,360,C:\Users\Администратор\Desktop\ML\foto\1\2105\1_37_cell_photo_cr.jpg
4,215,101,1_37_cell_photo_cr.jpg,360,360,C:\Users\Администратор\Desktop\ML\foto\1\2105\1_37_cell_photo_cr.jpg
5,358,213,1_37_cell_photo_cr.jpg,360,360,C:\Users\Администратор\Desktop\ML\foto\1\2105\1_37_cell_photo_cr.jpg
6,4,100,1_37_cell_photo_cr.jpg,360,360,C:\Users\Администратор\Desktop\ML\foto\1\2105\1_37_cell_photo_cr.jpg
1,176,189,1_38_cell_photo_cr.jpg,360,360,C:\Users\Администратор\Desktop\ML\foto\1\2105\1_38_cell_photo_cr.jpg
2,221,120,1_38_cell_photo_cr.jpg,360,360,C:\Users\Администратор\Desktop\ML\foto\1\2105\1_38_cell_photo_cr.jpg
3,183,252,1_38_cell_photo_cr.jpg,360,360,C:\Users\Администратор\Desktop\ML\foto\1\2105\1_38_cell_photo_cr.jpg
1,151,116,1_39_cell_photo_cr.jpg,360,360,C:\Users\Администратор\Desktop\ML\foto\1\2105\1_39_cell_photo_cr.jpg
2,262,76,1_39_cell_photo_cr.jpg,360,360,C:\Users\Администратор\Desktop\ML\foto\1\2105\1_39_cell_photo_cr.jpg
3,72,237,1_39_cell_photo_cr.jpg,360,360,C:\Users\Администратор\Desktop\ML\foto\1\2105\1_39_cell_photo_cr.jpg
1,216,173,1_3_cell_photo_cr.jpg,360,360,C:\Users\Администратор\Desktop\ML\foto\1\2105\1_3_cell_photo_cr.jpg
2,82,129,1_3_cell_photo_cr.jpg,360,360,C:\Users\Администратор\Desktop\ML\foto\1\2105\1_3_cell_photo_cr.jpg
3,325,252,1_3_cell_photo_cr.jpg,360,360,C:\Users\Администратор\Desktop\ML\foto\1\2105\1_3_cell_photo_cr.jpg
1,162,167,1_40_cell_photo_cr.jpg,360,360,C:\Users\Администратор\Desktop\ML\foto\1\2105\1_40_cell_photo_cr.jpg
2,125,127,1_40_cell_photo_cr.jpg,360,360,C:\Users\Администратор\Desktop\ML\foto\1\2105\1_40_cell_photo_cr.jpg
3,354,96,1_40_cell_photo_cr.jpg,360,360,C:\Users\Администратор\Desktop\ML\foto\1\2105\1_40_cell_photo_cr.jpg
4,129,354,1_40_cell_photo_cr.jpg,360,360,C:\Users\Администратор\Desktop\ML\foto\1\2105\1_40_cell_photo_cr.jpg
1,175,180,1_41_cell_photo_cr.jpg,360,360,C:\Users\Администратор\Desktop\ML\foto\1\2105\1_41_cell_photo_cr.jpg
2,29,134,1_41_cell_photo_cr.jpg,360,360,C:\Users\Администратор\Desktop\ML\foto\1\2105\1_41_cell_photo_cr.jpg
3,305,224,1_41_cell_photo_cr.jpg,360,360,C:\Users\Администратор\Desktop\ML\foto\1\2105\1_41_cell_photo_cr.jpg
1,170,163,1_42_cell_photo_cr.jpg,360,360,C:\Users\Администратор\Desktop\ML\foto\1\2105\1_42_cell_photo_cr.jpg
2,189,236,1_42_cell_photo_cr.jpg,360,360,C:\Users\Администратор\Desktop\ML\foto\1\2105\1_42_cell_photo_cr.jpg
3,40,357,1_42_cell_photo_cr.jpg,360,360,C:\Users\Администратор\Desktop\ML\foto\1\2105\1_42_cell_photo_cr.jpg
4,354,38,1_42_cell_photo_cr.jpg,360,360,C:\Users\Администратор\Desktop\ML\foto\1\2105\1_42_cell_photo_cr.jpg
5,218,177,1_42_cell_photo_cr.jpg,360,360,C:\Users\Администратор\Desktop\ML\foto\1\2105\1_42_cell_photo_cr.jpg
1,202,198,1_43_cell_photo_cr.jpg,360,360,C:\Users\Администратор\Desktop\ML\foto\1\2105\1_43_cell_photo_cr.jpg
2,158,175,1_43_cell_photo_cr.jpg,360,360,C:\Users\Администратор\Desktop\ML\foto\1\2105\1_43_cell_photo_cr.jpg
3,5,186,1_43_cell_photo_cr.jpg,360,360,C:\Users\Администратор\Desktop\ML\foto\1\2105\1_43_cell_photo_cr.jpg
4,357,212,1_43_cell_photo_cr.jpg,360,360,C:\Users\Администратор\Desktop\ML\foto\1\2105\1_43_cell_photo_cr.jpg
5,226,163,1_43_cell_photo_cr.jpg,360,360,C:\Users\Администратор\Desktop\ML\foto\1\2105\1_43_cell_photo_cr.jpg
1,213,167,1_44_cell_photo_cr.jpg,360,360,C:\Users\Администратор\Desktop\ML\foto\1\2105\1_44_cell_photo_cr.jpg
2,20,148,1_44_cell_photo_cr.jpg,360,360,C:\Users\Администратор\Desktop\ML\foto\1\2105\1_44_cell_photo_cr.jpg
3,353,302,1_44_cell_photo_cr.jpg,360,360,C:\Users\Администратор\Desktop\ML\foto\1\2105\1_44_cell_photo_cr.jpg
4,245,136,1_44_cell_photo_cr.jpg,360,360,C:\Users\Администратор\Desktop\ML\foto\1\2105\1_44_cell_photo_cr.jpg
5,225,96,1_44_cell_photo_cr.jpg,360,360,C:\Users\Администратор\Desktop\ML\foto\1\2105\1_44_cell_photo_cr.jpg
1,170,168,1_45_cell_photo_cr.jpg,360,360,C:\Users\Администратор\Desktop\ML\foto\1\2105\1_45_cell_photo_cr.jpg
1,197,172,1_46_cell_photo_cr.jpg,360,360,C:\Users\Администратор\Desktop\ML\foto\1\2105\1_46_cell_photo_cr.jpg
1,179,199,1_47_cell_photo_cr.jpg,360,360,C:\Users\Администратор\Desktop\ML\foto\1\2105\1_47_cell_photo_cr.jpg
2,127,211,1_47_cell_photo_cr.jpg,360,360,C:\Users\Администратор\Desktop\ML\foto\1\2105\1_47_cell_photo_cr.jpg
3,287,188,1_47_cell_photo_cr.jpg,360,360,C:\Users\Администратор\Desktop\ML\foto\1\2105\1_47_cell_photo_cr.jpg
4,179,232,1_47_cell_photo_cr.jpg,360,360,C:\Users\Администратор\Desktop\ML\foto\1\2105\1_47_cell_photo_cr.jpg
1,213,187,1_48_cell_photo_cr.jpg,360,360,C:\Users\Администратор\Desktop\ML\foto\1\2105\1_48_cell_photo_cr.jpg
2,211,18,1_48_cell_photo_cr.jpg,360,360,C:\Users\Администратор\Desktop\ML\foto\1\2105\1_48_cell_photo_cr.jpg
3,354,352,1_48_cell_photo_cr.jpg,360,360,C:\Users\Администратор\Desktop\ML\foto\1\2105\1_48_cell_photo_cr.jpg
4,176,213,1_48_cell_photo_cr.jpg,360,360,C:\Users\Администратор\Desktop\ML\foto\1\2105\1_48_cell_photo_cr.jpg
1,158,179,1_49_cell_photo_cr.jpg,360,360,C:\Users\Администратор\Desktop\ML\foto\1\2105\1_49_cell_photo_cr.jpg
2,87,63,1_49_cell_photo_cr.jpg,360,360,C:\Users\Администратор\Desktop\ML\foto\1\2105\1_49_cell_photo_cr.jpg
3,248,301,1_49_cell_photo_cr.jpg,360,360,C:\Users\Администратор\Desktop\ML\foto\1\2105\1_49_cell_photo_cr.jpg
1,134,113,1_4_cell_photo_cr.jpg,360,360,C:\Users\Администратор\Desktop\ML\foto\1\2105\1_4_cell_photo_cr.jpg
2,163,272,1_4_cell_photo_cr.jpg,360,360,C:\Users\Администратор\Desktop\ML\foto\1\2105\1_4_cell_photo_cr.jpg
3,100,2,1_4_cell_photo_cr.jpg,360,360,C:\Users\Администратор\Desktop\ML\foto\1\2105\1_4_cell_photo_cr.jpg
1,177,136,1_50_cell_photo_cr.jpg,360,360,C:\Users\Администратор\Desktop\ML\foto\1\2105\1_50_cell_photo_cr.jpg
2,293,63,1_50_cell_photo_cr.jpg,360,360,C:\Users\Администратор\Desktop\ML\foto\1\2105\1_50_cell_photo_cr.jpg
3,117,275,1_50_cell_photo_cr.jpg,360,360,C:\Users\Администратор\Desktop\ML\foto\1\2105\1_50_cell_photo_cr.jpg
1,203,138,1_5_cell_photo_cr.jpg,360,360,C:\Users\Администратор\Desktop\ML\foto\1\2105\1_5_cell_photo_cr.jpg
2,302,74,1_5_cell_photo_cr.jpg,360,360,C:\Users\Администратор\Desktop\ML\foto\1\2105\1_5_cell_photo_cr.jpg
3,151,234,1_5_cell_photo_cr.jpg,360,360,C:\Users\Администратор\Desktop\ML\foto\1\2105\1_5_cell_photo_cr.jpg
1,167,178,1_6_cell_photo_cr.jpg,360,360,C:\Users\Администратор\Desktop\ML\foto\1\2105\1_6_cell_photo_cr.jpg
1,158,165,1_7_cell_photo_cr.jpg,360,360,C:\Users\Администратор\Desktop\ML\foto\1\2105\1_7_cell_photo_cr.jpg
2,49,84,1_7_cell_photo_cr.jpg,360,360,C:\Users\Администратор\Desktop\ML\foto\1\2105\1_7_cell_photo_cr.jpg
3,273,177,1_7_cell_photo_cr.jpg,360,360,C:\Users\Администратор\Desktop\ML\foto\1\2105\1_7_cell_photo_cr.jpg
1,191,187,1_8_cell_photo_cr.jpg,360,360,C:\Users\Администратор\Desktop\ML\foto\1\2105\1_8_cell_photo_cr.jpg
2,246,137,1_8_cell_photo_cr.jpg,360,360,C:\Users\Администратор\Desktop\ML\foto\1\2105\1_8_cell_photo_cr.jpg
3,216,265,1_8_cell_photo_cr.jpg,360,360,C:\Users\Администратор\Desktop\ML\foto\1\2105\1_8_cell_photo_cr.jpg
1,162,172,1_9_cell_photo_cr.jpg,360,360,C:\Users\Администратор\Desktop\ML\foto\1\2105\1_9_cell_photo_cr.jpg
2,102,4,1_9_cell_photo_cr.jpg,360,360,C:\Users\Администратор\Desktop\ML\foto\1\2105\1_9_cell_photo_cr.jpg
3,321,264,1_9_cell_photo_cr.jpg,360,360,C:\Users\Администратор\Desktop\ML\foto\1\2105\1_9_cell_photo_cr.jpg
4,173,141,1_9_cell_photo_cr.jpg,360,360,C:\Users\Администратор\Desktop\ML\foto\1\2105\1_9_cell_photo_cr.jpg
1,349,80,1_1_cell_photo_cr.jpg,360,360,C:\Users\Администратор\Desktop\ML\foto\1\2205\1_1_cell_photo_cr.jpg
1,175,131,1_2_cell_photo_cr.jpg,360,360,C:\Users\Администратор\Desktop\ML\foto\1\2205\1_2_cell_photo_cr.jpg
2,233,111,1_2_cell_photo_cr.jpg,360,360,C:\Users\Администратор\Desktop\ML\foto\1\2205\1_2_cell_photo_cr.jpg
1,174,173,1_3_cell_photo_cr.jpg,360,360,C:\Users\Администратор\Desktop\ML\foto\1\2205\1_3_cell_photo_cr.jpg
1,116,61,1_4_cell_photo_cr.jpg,360,360,C:\Users\Администратор\Desktop\ML\foto\1\2205\1_4_cell_photo_cr.jpg
2,130,221,1_4_cell_photo_cr.jpg,360,360,C:\Users\Администратор\Desktop\ML\foto\1\2205\1_4_cell_photo_cr.jpg
3,82,6,1_4_cell_photo_cr.jpg,360,360,C:\Users\Администратор\Desktop\ML\foto\1\2205\1_4_cell_photo_cr.jpg
1,215,153,1_5_cell_photo_cr.jpg,360,360,C:\Users\Администратор\Desktop\ML\foto\1\2205\1_5_cell_photo_cr.jpg
2,310,63,1_5_cell_photo_cr.jpg,360,360,C:\Users\Администратор\Desktop\ML\foto\1\2205\1_5_cell_photo_cr.jpg
3,158,252,1_5_cell_photo_cr.jpg,360,360,C:\Users\Администратор\Desktop\ML\foto\1\2205\1_5_cell_photo_cr.jpg
1,164,200,1_6_cell_photo_cr.jpg,360,360,C:\Users\Администратор\Desktop\ML\foto\1\2205\1_6_cell_photo_cr.jpg
1,192,146,1_7_cell_photo_cr.jpg,360,360,C:\Users\Администратор\Desktop\ML\foto\1\2205\1_7_cell_photo_cr.jpg
2,87,76,1_7_cell_photo_cr.jpg,360,360,C:\Users\Администратор\Desktop\ML\foto\1\2205\1_7_cell_photo_cr.jpg
3,292,159,1_7_cell_photo_cr.jpg,360,360,C:\Users\Администратор\Desktop\ML\foto\1\2205\1_7_cell_photo_cr.jpg
1,205,183,1_8_cell_photo_cr.jpg,360,360,C:\Users\Администратор\Desktop\ML\foto\1\2205\1_8_cell_photo_cr.jpg
2,175,170,1_8_cell_photo_cr.jpg,360,360,C:\Users\Администратор\Desktop\ML\foto\1\2205\1_8_cell_photo_cr.jpg
3,263,131,1_8_cell_photo_cr.jpg,360,360,C:\Users\Администратор\Desktop\ML\foto\1\2205\1_8_cell_photo_cr.jpg
4,215,277,1_8_cell_photo_cr.jpg,360,360,C:\Users\Администратор\Desktop\ML\foto\1\2205\1_8_cell_photo_cr.jpg
1,173,95,1_9_cell_photo_cr.jpg,360,360,C:\Users\Администратор\Desktop\ML\foto\1\2205\1_9_cell_photo_cr.jpg
2,113,6,1_9_cell_photo_cr.jpg,360,360,C:\Users\Администратор\Desktop\ML\foto\1\2205\1_9_cell_photo_cr.jpg
3,173,119,1_9_cell_photo_cr.jpg,360,360,C:\Users\Администратор\Desktop\ML\foto\1\2205\1_9_cell_photo_cr.jpg
4,190,71,1_9_cell_photo_cr.jpg,360,360,C:\Users\Администратор\Desktop\ML\foto\1\2205\1_9_cell_photo_cr.jpg
5,335,188,1_9_cell_photo_cr.jpg,360,360,C:\Users\Администратор\Desktop\ML\foto\1\2205\1_9_cell_photo_cr.jpg
1,17,43,1_10_cell_photo_cr.jpg,360,360,C:\Users\Администратор\Desktop\ML\foto\1\2205\1_10_cell_photo_cr.jpg
1,42,13,1_11_cell_photo_cr.jpg,360,360,C:\Users\Администратор\Desktop\ML\foto\1\2205\1_11_cell_photo_cr.jpg
1,175,192,1_12_cell_photo_cr.jpg,360,360,C:\Users\Администратор\Desktop\ML\foto\1\2205\1_12_cell_photo_cr.jpg
2,82,9,1_12_cell_photo_cr.jpg,360,360,C:\Users\Администратор\Desktop\ML\foto\1\2205\1_12_cell_photo_cr.jpg
3,274,357,1_12_cell_photo_cr.jpg,360,360,C:\Users\Администратор\Desktop\ML\foto\1\2205\1_12_cell_photo_cr.jpg
1,185,148,1_13_cell_photo_cr.jpg,360,360,C:\Users\Администратор\Desktop\ML\foto\1\2205\1_13_cell_photo_cr.jpg
2,129,105,1_13_cell_photo_cr.jpg,360,360,C:\Users\Администратор\Desktop\ML\foto\1\2205\1_13_cell_photo_cr.jpg
3,295,75,1_13_cell_photo_cr.jpg,360,360,C:\Users\Администратор\Desktop\ML\foto\1\2205\1_13_cell_photo_cr.jpg
4,11,259,1_13_cell_photo_cr.jpg,360,360,C:\Users\Администратор\Desktop\ML\foto\1\2205\1_13_cell_photo_cr.jpg
1,186,145,1_14_cell_photo_cr.jpg,360,360,C:\Users\Администратор\Desktop\ML\foto\1\2205\1_14_cell_photo_cr.jpg
2,185,46,1_14_cell_photo_cr.jpg,360,360,C:\Users\Администратор\Desktop\ML\foto\1\2205\1_14_cell_photo_cr.jpg
3,20,148,1_14_cell_photo_cr.jpg,360,360,C:\Users\Администратор\Desktop\ML\foto\1\2205\1_14_cell_photo_cr.jpg
4,352,147,1_14_cell_photo_cr.jpg,360,360,C:\Users\Администратор\Desktop\ML\foto\1\2205\1_14_cell_photo_cr.jpg
1,231,170,1_15_cell_photo_cr.jpg,360,360,C:\Users\Администратор\Desktop\ML\foto\1\2205\1_15_cell_photo_cr.jpg
2,305,36,1_15_cell_photo_cr.jpg,360,360,C:\Users\Администратор\Desktop\ML\foto\1\2205\1_15_cell_photo_cr.jpg
3,191,91,1_15_cell_photo_cr.jpg,360,360,C:\Users\Администратор\Desktop\ML\foto\1\2205\1_15_cell_photo_cr.jpg
4,153,259,1_15_cell_photo_cr.jpg,360,360,C:\Users\Администратор\Desktop\ML\foto\1\2205\1_15_cell_photo_cr.jpg
1,160,149,1_16_cell_photo_cr.jpg,360,360,C:\Users\Администратор\Desktop\ML\foto\1\2205\1_16_cell_photo_cr.jpg
2,259,208,1_16_cell_photo_cr.jpg,360,360,C:\Users\Администратор\Desktop\ML\foto\1\2205\1_16_cell_photo_cr.jpg
3,195,220,1_16_cell_photo_cr.jpg,360,360,C:\Users\Администратор\Desktop\ML\foto\1\2205\1_16_cell_photo_cr.jpg
4,8,344,1_16_cell_photo_cr.jpg,360,360,C:\Users\Администратор\Desktop\ML\foto\1\2205\1_16_cell_photo_cr.jpg
5,218,146,1_16_cell_photo_cr.jpg,360,360,C:\Users\Администратор\Desktop\ML\foto\1\2205\1_16_cell_photo_cr.jpg
6,351,28,1_16_cell_photo_cr.jpg,360,360,C:\Users\Администратор\Desktop\ML\foto\1\2205\1_16_cell_photo_cr.jpg
1,182,153,1_17_cell_photo_cr.jpg,360,360,C:\Users\Администратор\Desktop\ML\foto\1\2205\1_17_cell_photo_cr.jpg
1,181,188,1_18_cell_photo_cr.jpg,360,360,C:\Users\Администратор\Desktop\ML\foto\1\2205\1_18_cell_photo_cr.jpg
2,201,287,1_18_cell_photo_cr.jpg,360,360,C:\Users\Администратор\Desktop\ML\foto\1\2205\1_18_cell_photo_cr.jpg
3,3,272,1_18_cell_photo_cr.jpg,360,360,C:\Users\Администратор\Desktop\ML\foto\1\2205\1_18_cell_photo_cr.jpg
4,350,68,1_18_cell_photo_cr.jpg,360,360,C:\Users\Администратор\Desktop\ML\foto\1\2205\1_18_cell_photo_cr.jpg
5,169,245,1_18_cell_photo_cr.jpg,360,360,C:\Users\Администратор\Desktop\ML\foto\1\2205\1_18_cell_photo_cr.jpg
6,224,239,1_18_cell_photo_cr.jpg,360,360,C:\Users\Администратор\Desktop\ML\foto\1\2205\1_18_cell_photo_cr.jpg
1,193,163,1_19_cell_photo_cr.jpg,360,360,C:\Users\Администратор\Desktop\ML\foto\1\2205\1_19_cell_photo_cr.jpg
2,277,91,1_19_cell_photo_cr.jpg,360,360,C:\Users\Администратор\Desktop\ML\foto\1\2205\1_19_cell_photo_cr.jpg
3,133,297,1_19_cell_photo_cr.jpg,360,360,C:\Users\Администратор\Desktop\ML\foto\1\2205\1_19_cell_photo_cr.jpg
1,211,167,1_20_cell_photo_cr.jpg,360,360,C:\Users\Администратор\Desktop\ML\foto\1\2205\1_20_cell_photo_cr.jpg
1,177,184,1_21_cell_photo_cr.jpg,360,360,C:\Users\Администратор\Desktop\ML\foto\1\2205\1_21_cell_photo_cr.jpg
2,37,157,1_21_cell_photo_cr.jpg,360,360,C:\Users\Администратор\Desktop\ML\foto\1\2205\1_21_cell_photo_cr.jpg
3,310,222,1_21_cell_photo_cr.jpg,360,360,C:\Users\Администратор\Desktop\ML\foto\1\2205\1_21_cell_photo_cr.jpg
1,208,128,1_22_cell_photo_cr.jpg,360,360,C:\Users\Администратор\Desktop\ML\foto\1\2205\1_22_cell_photo_cr.jpg
2,339,145,1_22_cell_photo_cr.jpg,360,360,C:\Users\Администратор\Desktop\ML\foto\1\2205\1_22_cell_photo_cr.jpg
3,140,297,1_22_cell_photo_cr.jpg,360,360,C:\Users\Администратор\Desktop\ML\foto\1\2205\1_22_cell_photo_cr.jpg
4,185,13,1_22_cell_photo_cr.jpg,360,360,C:\Users\Администратор\Desktop\ML\foto\1\2205\1_22_cell_photo_cr.jpg
5,270,94,1_22_cell_photo_cr.jpg,360,360,C:\Users\Администратор\Desktop\ML\foto\1\2205\1_22_cell_photo_cr.jpg
6,270,152,1_22_cell_photo_cr.jpg,360,360,C:\Users\Администратор\Desktop\ML\foto\1\2205\1_22_cell_photo_cr.jpg
1,101,243,1_23_cell_photo_cr.jpg,360,360,C:\Users\Администратор\Desktop\ML\foto\1\2205\1_23_cell_photo_cr.jpg
2,55,208,1_23_cell_photo_cr.jpg,360,360,C:\Users\Администратор\Desktop\ML\foto\1\2205\1_23_cell_photo_cr.jpg
1,93,133,1_24_cell_photo_cr.jpg,360,360,C:\Users\Администратор\Desktop\ML\foto\1\2205\1_24_cell_photo_cr.jpg
2,65,227,1_24_cell_photo_cr.jpg,360,360,C:\Users\Администратор\Desktop\ML\foto\1\2205\1_24_cell_photo_cr.jpg
1,193,182,1_25_cell_photo_cr.jpg,360,360,C:\Users\Администратор\Desktop\ML\foto\1\2205\1_25_cell_photo_cr.jpg
2,226,74,1_25_cell_photo_cr.jpg,360,360,C:\Users\Администратор\Desktop\ML\foto\1\2205\1_25_cell_photo_cr.jpg
3,133,304,1_25_cell_photo_cr.jpg,360,360,C:\Users\Администратор\Desktop\ML\foto\1\2205\1_25_cell_photo_cr.jpg
4,235,252,1_25_cell_photo_cr.jpg,360,360,C:\Users\Администратор\Desktop\ML\foto\1\2205\1_25_cell_photo_cr.jpg
5,356,165,1_25_cell_photo_cr.jpg,360,360,C:\Users\Администратор\Desktop\ML\foto\1\2205\1_25_cell_photo_cr.jpg
6,2,109,1_25_cell_photo_cr.jpg,360,360,C:\Users\Администратор\Desktop\ML\foto\1\2205\1_25_cell_photo_cr.jpg
1,192,133,1_26_cell_photo_cr.jpg,360,360,C:\Users\Администратор\Desktop\ML\foto\1\2205\1_26_cell_photo_cr.jpg
2,232,282,1_26_cell_photo_cr.jpg,360,360,C:\Users\Администратор\Desktop\ML\foto\1\2205\1_26_cell_photo_cr.jpg
3,136,11,1_26_cell_photo_cr.jpg,360,360,C:\Users\Администратор\Desktop\ML\foto\1\2205\1_26_cell_photo_cr.jpg
1,205,149,1_27_cell_photo_cr.jpg,360,360,C:\Users\Администратор\Desktop\ML\foto\1\2205\1_27_cell_photo_cr.jpg
2,87,100,1_27_cell_photo_cr.jpg,360,360,C:\Users\Администратор\Desktop\ML\foto\1\2205\1_27_cell_photo_cr.jpg
3,103,159,1_27_cell_photo_cr.jpg,360,360,C:\Users\Администратор\Desktop\ML\foto\1\2205\1_27_cell_photo_cr.jpg
4,293,347,1_27_cell_photo_cr.jpg,360,360,C:\Users\Администратор\Desktop\ML\foto\1\2205\1_27_cell_photo_cr.jpg
5,156,2,1_27_cell_photo_cr.jpg,360,360,C:\Users\Администратор\Desktop\ML\foto\1\2205\1_27_cell_photo_cr.jpg
1,183,164,1_28_cell_photo_cr.jpg,360,360,C:\Users\Администратор\Desktop\ML\foto\1\2205\1_28_cell_photo_cr.jpg
2,168,232,1_28_cell_photo_cr.jpg,360,360,C:\Users\Администратор\Desktop\ML\foto\1\2205\1_28_cell_photo_cr.jpg
3,359,343,1_28_cell_photo_cr.jpg,360,360,C:\Users\Администратор\Desktop\ML\foto\1\2205\1_28_cell_photo_cr.jpg
4,75,4,1_28_cell_photo_cr.jpg,360,360,C:\Users\Администратор\Desktop\ML\foto\1\2205\1_28_cell_photo_cr.jpg
5,139,190,1_28_cell_photo_cr.jpg,360,360,C:\Users\Администратор\Desktop\ML\foto\1\2205\1_28_cell_photo_cr.jpg
1,180,169,1_29_cell_photo_cr.jpg,360,360,C:\Users\Администратор\Desktop\ML\foto\1\2205\1_29_cell_photo_cr.jpg
2,175,288,1_29_cell_photo_cr.jpg,360,360,C:\Users\Администратор\Desktop\ML\foto\1\2205\1_29_cell_photo_cr.jpg
3,223,184,1_29_cell_photo_cr.jpg,360,360,C:\Users\Администратор\Desktop\ML\foto\1\2205\1_29_cell_photo_cr.jpg
4,243,318,1_29_cell_photo_cr.jpg,360,360,C:\Users\Администратор\Desktop\ML\foto\1\2205\1_29_cell_photo_cr.jpg
5,353,49,1_29_cell_photo_cr.jpg,360,360,C:\Users\Администратор\Desktop\ML\foto\1\2205\1_29_cell_photo_cr.jpg
6,3,235,1_29_cell_photo_cr.jpg,360,360,C:\Users\Администратор\Desktop\ML\foto\1\2205\1_29_cell_photo_cr.jpg
1,166,164,1_30_cell_photo_cr.jpg,360,360,C:\Users\Администратор\Desktop\ML\foto\1\2205\1_30_cell_photo_cr.jpg
1,188,179,1_31_cell_photo_cr.jpg,360,360,C:\Users\Администратор\Desktop\ML\foto\1\2205\1_31_cell_photo_cr.jpg
2,38,67,1_31_cell_photo_cr.jpg,360,360,C:\Users\Администратор\Desktop\ML\foto\1\2205\1_31_cell_photo_cr.jpg
3,306,332,1_31_cell_photo_cr.jpg,360,360,C:\Users\Администратор\Desktop\ML\foto\1\2205\1_31_cell_photo_cr.jpg
1,179,205,1_32_cell_photo_cr.jpg,360,360,C:\Users\Администратор\Desktop\ML\foto\1\2205\1_32_cell_photo_cr.jpg
2,177,163,1_32_cell_photo_cr.jpg,360,360,C:\Users\Администратор\Desktop\ML\foto\1\2205\1_32_cell_photo_cr.jpg
3,174,266,1_32_cell_photo_cr.jpg,360,360,C:\Users\Администратор\Desktop\ML\foto\1\2205\1_32_cell_photo_cr.jpg
1,201,113,1_33_cell_photo_cr.jpg,360,360,C:\Users\Администратор\Desktop\ML\foto\1\2205\1_33_cell_photo_cr.jpg
2,186,162,1_33_cell_photo_cr.jpg,360,360,C:\Users\Администратор\Desktop\ML\foto\1\2205\1_33_cell_photo_cr.jpg
3,29,166,1_33_cell_photo_cr.jpg,360,360,C:\Users\Администратор\Desktop\ML\foto\1\2205\1_33_cell_photo_cr.jpg
4,313,11,1_33_cell_photo_cr.jpg,360,360,C:\Users\Администратор\Desktop\ML\foto\1\2205\1_33_cell_photo_cr.jpg
1,187,163,1_34_cell_photo_cr.jpg,360,360,C:\Users\Администратор\Desktop\ML\foto\1\2205\1_34_cell_photo_cr.jpg
2,140,162,1_34_cell_photo_cr.jpg,360,360,C:\Users\Администратор\Desktop\ML\foto\1\2205\1_34_cell_photo_cr.jpg
3,99,257,1_34_cell_photo_cr.jpg,360,360,C:\Users\Администратор\Desktop\ML\foto\1\2205\1_34_cell_photo_cr.jpg
4,277,68,1_34_cell_photo_cr.jpg,360,360,C:\Users\Администратор\Desktop\ML\foto\1\2205\1_34_cell_photo_cr.jpg
1,171,187,1_35_cell_photo_cr.jpg,360,360,C:\Users\Администратор\Desktop\ML\foto\1\2205\1_35_cell_photo_cr.jpg
1,188,160,1_36_cell_photo_cr.jpg,360,360,C:\Users\Администратор\Desktop\ML\foto\1\2205\1_36_cell_photo_cr.jpg
2,268,98,1_36_cell_photo_cr.jpg,360,360,C:\Users\Администратор\Desktop\ML\foto\1\2205\1_36_cell_photo_cr.jpg
3,355,227,1_36_cell_photo_cr.jpg,360,360,C:\Users\Администратор\Desktop\ML\foto\1\2205\1_36_cell_photo_cr.jpg
4,4,122,1_36_cell_photo_cr.jpg,360,360,C:\Users\Администратор\Desktop\ML\foto\1\2205\1_36_cell_photo_cr.jpg
1,185,98,1_37_cell_photo_cr.jpg,360,360,C:\Users\Администратор\Desktop\ML\foto\1\2205\1_37_cell_photo_cr.jpg
2,213,157,1_37_cell_photo_cr.jpg,360,360,C:\Users\Администратор\Desktop\ML\foto\1\2205\1_37_cell_photo_cr.jpg
3,223,42,1_37_cell_photo_cr.jpg,360,360,C:\Users\Администратор\Desktop\ML\foto\1\2205\1_37_cell_photo_cr.jpg
4,184,1,1_37_cell_photo_cr.jpg,360,360,C:\Users\Администратор\Desktop\ML\foto\1\2205\1_37_cell_photo_cr.jpg
5,354,154,1_37_cell_photo_cr.jpg,360,360,C:\Users\Администратор\Desktop\ML\foto\1\2205\1_37_cell_photo_cr.jpg
6,2,20,1_37_cell_photo_cr.jpg,360,360,C:\Users\Администратор\Desktop\ML\foto\1\2205\1_37_cell_photo_cr.jpg
1,194,199,1_38_cell_photo_cr.jpg,360,360,C:\Users\Администратор\Desktop\ML\foto\1\2205\1_38_cell_photo_cr.jpg
2,232,122,1_38_cell_photo_cr.jpg,360,360,C:\Users\Администратор\Desktop\ML\foto\1\2205\1_38_cell_photo_cr.jpg
3,192,274,1_38_cell_photo_cr.jpg,360,360,C:\Users\Администратор\Desktop\ML\foto\1\2205\1_38_cell_photo_cr.jpg
1,148,93,1_39_cell_photo_cr.jpg,360,360,C:\Users\Администратор\Desktop\ML\foto\1\2205\1_39_cell_photo_cr.jpg
2,267,16,1_39_cell_photo_cr.jpg,360,360,C:\Users\Администратор\Desktop\ML\foto\1\2205\1_39_cell_photo_cr.jpg
3,17,205,1_39_cell_photo_cr.jpg,360,360,C:\Users\Администратор\Desktop\ML\foto\1\2205\1_39_cell_photo_cr.jpg
1,210,191,1_40_cell_photo_cr.jpg,360,360,C:\Users\Администратор\Desktop\ML\foto\1\2205\1_40_cell_photo_cr.jpg
2,128,146,1_40_cell_photo_cr.jpg,360,360,C:\Users\Администратор\Desktop\ML\foto\1\2205\1_40_cell_photo_cr.jpg
3,234,321,1_40_cell_photo_cr.jpg,360,360,C:\Users\Администратор\Desktop\ML\foto\1\2205\1_40_cell_photo_cr.jpg
4,298,5,1_40_cell_photo_cr.jpg,360,360,C:\Users\Администратор\Desktop\ML\foto\1\2205\1_40_cell_photo_cr.jpg
1,171,176,1_41_cell_photo_cr.jpg,360,360,C:\Users\Администратор\Desktop\ML\foto\1\2205\1_41_cell_photo_cr.jpg
2,43,152,1_41_cell_photo_cr.jpg,360,360,C:\Users\Администратор\Desktop\ML\foto\1\2205\1_41_cell_photo_cr.jpg
3,308,225,1_41_cell_photo_cr.jpg,360,360,C:\Users\Администратор\Desktop\ML\foto\1\2205\1_41_cell_photo_cr.jpg
1,153,178,1_42_cell_photo_cr.jpg,360,360,C:\Users\Администратор\Desktop\ML\foto\1\2205\1_42_cell_photo_cr.jpg
2,237,202,1_42_cell_photo_cr.jpg,360,360,C:\Users\Администратор\Desktop\ML\foto\1\2205\1_42_cell_photo_cr.jpg
3,211,268,1_42_cell_photo_cr.jpg,360,360,C:\Users\Администратор\Desktop\ML\foto\1\2205\1_42_cell_photo_cr.jpg
4,7,352,1_42_cell_photo_cr.jpg,360,360,C:\Users\Администратор\Desktop\ML\foto\1\2205\1_42_cell_photo_cr.jpg
5,350,7,1_42_cell_photo_cr.jpg,360,360,C:\Users\Администратор\Desktop\ML\foto\1\2205\1_42_cell_photo_cr.jpg
1,186,207,1_43_cell_photo_cr.jpg,360,360,C:\Users\Администратор\Desktop\ML\foto\1\2205\1_43_cell_photo_cr.jpg
2,100,170,1_43_cell_photo_cr.jpg,360,360,C:\Users\Администратор\Desktop\ML\foto\1\2205\1_43_cell_photo_cr.jpg
3,2,186,1_43_cell_photo_cr.jpg,360,360,C:\Users\Администратор\Desktop\ML\foto\1\2205\1_43_cell_photo_cr.jpg
4,160,152,1_43_cell_photo_cr.jpg,360,360,C:\Users\Администратор\Desktop\ML\foto\1\2205\1_43_cell_photo_cr.jpg
5,357,213,1_43_cell_photo_cr.jpg,360,360,C:\Users\Администратор\Desktop\ML\foto\1\2205\1_43_cell_photo_cr.jpg
1,157,192,1_44_cell_photo_cr.jpg,360,360,C:\Users\Администратор\Desktop\ML\foto\1\2205\1_44_cell_photo_cr.jpg
2,208,115,1_44_cell_photo_cr.jpg,360,360,C:\Users\Администратор\Desktop\ML\foto\1\2205\1_44_cell_photo_cr.jpg
3,16,19,1_44_cell_photo_cr.jpg,360,360,C:\Users\Администратор\Desktop\ML\foto\1\2205\1_44_cell_photo_cr.jpg
4,330,318,1_44_cell_photo_cr.jpg,360,360,C:\Users\Администратор\Desktop\ML\foto\1\2205\1_44_cell_photo_cr.jpg
1,183,165,1_45_cell_photo_cr.jpg,360,360,C:\Users\Администратор\Desktop\ML\foto\1\2205\1_45_cell_photo_cr.jpg
1,176,160,1_46_cell_photo_cr.jpg,360,360,C:\Users\Администратор\Desktop\ML\foto\1\2205\1_46_cell_photo_cr.jpg
1,246,253,1_47_cell_photo_cr.jpg,360,360,C:\Users\Администратор\Desktop\ML\foto\1\2205\1_47_cell_photo_cr.jpg
2,177,262,1_47_cell_photo_cr.jpg,360,360,C:\Users\Администратор\Desktop\ML\foto\1\2205\1_47_cell_photo_cr.jpg
3,347,227,1_47_cell_photo_cr.jpg,360,360,C:\Users\Администратор\Desktop\ML\foto\1\2205\1_47_cell_photo_cr.jpg
4,238,296,1_47_cell_photo_cr.jpg,360,360,C:\Users\Администратор\Desktop\ML\foto\1\2205\1_47_cell_photo_cr.jpg
1,179,175,1_48_cell_photo_cr.jpg,360,360,C:\Users\Администратор\Desktop\ML\foto\1\2205\1_48_cell_photo_cr.jpg
2,117,201,1_48_cell_photo_cr.jpg,360,360,C:\Users\Администратор\Desktop\ML\foto\1\2205\1_48_cell_photo_cr.jpg
3,322,347,1_48_cell_photo_cr.jpg,360,360,C:\Users\Администратор\Desktop\ML\foto\1\2205\1_48_cell_photo_cr.jpg
4,236,1,1_48_cell_photo_cr.jpg,360,360,C:\Users\Администратор\Desktop\ML\foto\1\2205\1_48_cell_photo_cr.jpg
1,191,180,1_49_cell_photo_cr.jpg,360,360,C:\Users\Администратор\Desktop\ML\foto\1\2205\1_49_cell_photo_cr.jpg
2,32,41,1_49_cell_photo_cr.jpg,360,360,C:\Users\Администратор\Desktop\ML\foto\1\2205\1_49_cell_photo_cr.jpg
3,283,315,1_49_cell_photo_cr.jpg,360,360,C:\Users\Администратор\Desktop\ML\foto\1\2205\1_49_cell_photo_cr.jpg
1,163,158,1_50_cell_photo_cr.jpg,360,360,C:\Users\Администратор\Desktop\ML\foto\1\2205\1_50_cell_photo_cr.jpg
1,133,122,1_10_cell_photo_cr.jpg,360,360,C:\Users\Администратор\Desktop\ML\foto\1\2305\1_10_cell_photo_cr.jpg
1,126,58,1_11_cell_photo_cr.jpg,360,360,C:\Users\Администратор\Desktop\ML\foto\1\2305\1_11_cell_photo_cr.jpg
1,219,168,1_12_cell_photo_cr.jpg,360,360,C:\Users\Администратор\Desktop\ML\foto\1\2305\1_12_cell_photo_cr.jpg
2,125,8,1_12_cell_photo_cr.jpg,360,360,C:\Users\Администратор\Desktop\ML\foto\1\2305\1_12_cell_photo_cr.jpg
3,246,212,1_12_cell_photo_cr.jpg,360,360,C:\Users\Администратор\Desktop\ML\foto\1\2305\1_12_cell_photo_cr.jpg
1,218,173,1_13_cell_photo_cr.jpg,360,360,C:\Users\Администратор\Desktop\ML\foto\1\2305\1_13_cell_photo_cr.jpg
2,317,122,1_13_cell_photo_cr.jpg,360,360,C:\Users\Администратор\Desktop\ML\foto\1\2305\1_13_cell_photo_cr.jpg
3,124,114,1_13_cell_photo_cr.jpg,360,360,C:\Users\Администратор\Desktop\ML\foto\1\2305\1_13_cell_photo_cr.jpg
4,17,304,1_13_cell_photo_cr.jpg,360,360,C:\Users\Администратор\Desktop\ML\foto\1\2305\1_13_cell_photo_cr.jpg
1,182,176,1_14_cell_photo_cr.jpg,360,360,C:\Users\Администратор\Desktop\ML\foto\1\2305\1_14_cell_photo_cr.jpg
2,1,215,1_14_cell_photo_cr.jpg,360,360,C:\Users\Администратор\Desktop\ML\foto\1\2305\1_14_cell_photo_cr.jpg
3,179,54,1_14_cell_photo_cr.jpg,360,360,C:\Users\Администратор\Desktop\ML\foto\1\2305\1_14_cell_photo_cr.jpg
4,355,224,1_14_cell_photo_cr.jpg,360,360,C:\Users\Администратор\Desktop\ML\foto\1\2305\1_14_cell_photo_cr.jpg
1,203,199,1_15_cell_photo_cr.jpg,360,360,C:\Users\Администратор\Desktop\ML\foto\1\2305\1_15_cell_photo_cr.jpg
2,135,140,1_15_cell_photo_cr.jpg,360,360,C:\Users\Администратор\Desktop\ML\foto\1\2305\1_15_cell_photo_cr.jpg
3,295,56,1_15_cell_photo_cr.jpg,360,360,C:\Users\Администратор\Desktop\ML\foto\1\2305\1_15_cell_photo_cr.jpg
4,120,292,1_15_cell_photo_cr.jpg,360,360,C:\Users\Администратор\Desktop\ML\foto\1\2305\1_15_cell_photo_cr.jpg
1,168,131,1_16_cell_photo_cr.jpg,360,360,C:\Users\Администратор\Desktop\ML\foto\1\2305\1_16_cell_photo_cr.jpg
2,283,239,1_16_cell_photo_cr.jpg,360,360,C:\Users\Администратор\Desktop\ML\foto\1\2305\1_16_cell_photo_cr.jpg
3,257,156,1_16_cell_photo_cr.jpg,360,360,C:\Users\Администратор\Desktop\ML\foto\1\2305\1_16_cell_photo_cr.jpg
4,203,230,1_16_cell_photo_cr.jpg,360,360,C:\Users\Администратор\Desktop\ML\foto\1\2305\1_16_cell_photo_cr.jpg
5,353,34,1_16_cell_photo_cr.jpg,360,360,C:\Users\Администратор\Desktop\ML\foto\1\2305\1_16_cell_photo_cr.jpg
6,5,336,1_16_cell_photo_cr.jpg,360,360,C:\Users\Администратор\Desktop\ML\foto\1\2305\1_16_cell_photo_cr.jpg
1,183,168,1_17_cell_photo_cr.jpg,360,360,C:\Users\Администратор\Desktop\ML\foto\1\2305\1_17_cell_photo_cr.jpg
1,72,101,1_18_cell_photo_cr.jpg,360,360,C:\Users\Администратор\Desktop\ML\foto\1\2305\1_18_cell_photo_cr.jpg
2,158,254,1_18_cell_photo_cr.jpg,360,360,C:\Users\Администратор\Desktop\ML\foto\1\2305\1_18_cell_photo_cr.jpg
1,171,170,1_19_cell_photo_cr.jpg,360,360,C:\Users\Администратор\Desktop\ML\foto\1\2305\1_19_cell_photo_cr.jpg
1,294,53,1_1_cell_photo_cr.jpg,360,360,C:\Users\Администратор\Desktop\ML\foto\1\2305\1_1_cell_photo_cr.jpg
2,243,2,1_1_cell_photo_cr.jpg,360,360,C:\Users\Администратор\Desktop\ML\foto\1\2305\1_1_cell_photo_cr.jpg
3,233,136,1_1_cell_photo_cr.jpg,360,360,C:\Users\Администратор\Desktop\ML\foto\1\2305\1_1_cell_photo_cr.jpg
1,190,34,1_20_cell_photo_cr.jpg,360,360,C:\Users\Администратор\Desktop\ML\foto\1\2305\1_20_cell_photo_cr.jpg
2,352,49,1_20_cell_photo_cr.jpg,360,360,C:\Users\Администратор\Desktop\ML\foto\1\2305\1_20_cell_photo_cr.jpg
1,164,217,1_21_cell_photo_cr.jpg,360,360,C:\Users\Администратор\Desktop\ML\foto\1\2305\1_21_cell_photo_cr.jpg
2,35,222,1_21_cell_photo_cr.jpg,360,360,C:\Users\Администратор\Desktop\ML\foto\1\2305\1_21_cell_photo_cr.jpg
3,298,264,1_21_cell_photo_cr.jpg,360,360,C:\Users\Администратор\Desktop\ML\foto\1\2305\1_21_cell_photo_cr.jpg
1,190,123,1_22_cell_photo_cr.jpg,360,360,C:\Users\Администратор\Desktop\ML\foto\1\2305\1_22_cell_photo_cr.jpg
2,335,123,1_22_cell_photo_cr.jpg,360,360,C:\Users\Администратор\Desktop\ML\foto\1\2305\1_22_cell_photo_cr.jpg
3,257,79,1_22_cell_photo_cr.jpg,360,360,C:\Users\Администратор\Desktop\ML\foto\1\2305\1_22_cell_photo_cr.jpg
4,92,314,1_22_cell_photo_cr.jpg,360,360,C:\Users\Администратор\Desktop\ML\foto\1\2305\1_22_cell_photo_cr.jpg
5,128,149,1_22_cell_photo_cr.jpg,360,360,C:\Users\Администратор\Desktop\ML\foto\1\2305\1_22_cell_photo_cr.jpg
6,115,5,1_22_cell_photo_cr.jpg,360,360,C:\Users\Администратор\Desktop\ML\foto\1\2305\1_22_cell_photo_cr.jpg
1,173,190,1_23_cell_photo_cr.jpg,360,360,C:\Users\Администратор\Desktop\ML\foto\1\2305\1_23_cell_photo_cr.jpg
2,206,202,1_23_cell_photo_cr.jpg,360,360,C:\Users\Администратор\Desktop\ML\foto\1\2305\1_23_cell_photo_cr.jpg
3,129,156,1_23_cell_photo_cr.jpg,360,360,C:\Users\Администратор\Desktop\ML\foto\1\2305\1_23_cell_photo_cr.jpg
1,91,119,1_24_cell_photo_cr.jpg,360,360,C:\Users\Администратор\Desktop\ML\foto\1\2305\1_24_cell_photo_cr.jpg
2,22,126,1_24_cell_photo_cr.jpg,360,360,C:\Users\Администратор\Desktop\ML\foto\1\2305\1_24_cell_photo_cr.jpg
1,190,174,1_25_cell_photo_cr.jpg,360,360,C:\Users\Администратор\Desktop\ML\foto\1\2305\1_25_cell_photo_cr.jpg
1,206,171,1_26_cell_photo_cr.jpg,360,360,C:\Users\Администратор\Desktop\ML\foto\1\2305\1_26_cell_photo_cr.jpg
2,262,334,1_26_cell_photo_cr.jpg,360,360,C:\Users\Администратор\Desktop\ML\foto\1\2305\1_26_cell_photo_cr.jpg
3,155,1,1_26_cell_photo_cr.jpg,360,360,C:\Users\Администратор\Desktop\ML\foto\1\2305\1_26_cell_photo_cr.jpg
1,158,135,1_27_cell_photo_cr.jpg,360,360,C:\Users\Администратор\Desktop\ML\foto\1\2305\1_27_cell_photo_cr.jpg
1,203,172,1_28_cell_photo_cr.jpg,360,360,C:\Users\Администратор\Desktop\ML\foto\1\2305\1_28_cell_photo_cr.jpg
1,151,192,1_29_cell_photo_cr.jpg,360,360,C:\Users\Администратор\Desktop\ML\foto\1\2305\1_29_cell_photo_cr.jpg
1,174,176,1_2_cell_photo_cr.jpg,360,360,C:\Users\Администратор\Desktop\ML\foto\1\2305\1_2_cell_photo_cr.jpg
2,176,54,1_2_cell_photo_cr.jpg,360,360,C:\Users\Администратор\Desktop\ML\foto\1\2305\1_2_cell_photo_cr.jpg
3,156,279,1_2_cell_photo_cr.jpg,360,360,C:\Users\Администратор\Desktop\ML\foto\1\2305\1_2_cell_photo_cr.jpg
1,201,162,1_30_cell_photo_cr.jpg,360,360,C:\Users\Администратор\Desktop\ML\foto\1\2305\1_30_cell_photo_cr.jpg
1,185,168,1_31_cell_photo_cr.jpg,360,360,C:\Users\Администратор\Desktop\ML\foto\1\2305\1_31_cell_photo_cr.jpg
2,42,66,1_31_cell_photo_cr.jpg,360,360,C:\Users\Администратор\Desktop\ML\foto\1\2305\1_31_cell_photo_cr.jpg
3,288,343,1_31_cell_photo_cr.jpg,360,360,C:\Users\Администратор\Desktop\ML\foto\1\2305\1_31_cell_photo_cr.jpg
1,177,172,1_32_cell_photo_cr.jpg,360,360,C:\Users\Администратор\Desktop\ML\foto\1\2305\1_32_cell_photo_cr.jpg
2,174,130,1_32_cell_photo_cr.jpg,360,360,C:\Users\Администратор\Desktop\ML\foto\1\2305\1_32_cell_photo_cr.jpg
3,187,246,1_32_cell_photo_cr.jpg,360,360,C:\Users\Администратор\Desktop\ML\foto\1\2305\1_32_cell_photo_cr.jpg
1,196,158,1_33_cell_photo_cr.jpg,360,360,C:\Users\Администратор\Desktop\ML\foto\1\2305\1_33_cell_photo_cr.jpg
2,201,207,1_33_cell_photo_cr.jpg,360,360,C:\Users\Администратор\Desktop\ML\foto\1\2305\1_33_cell_photo_cr.jpg
3,335,45,1_33_cell_photo_cr.jpg,360,360,C:\Users\Администратор\Desktop\ML\foto\1\2305\1_33_cell_photo_cr.jpg
4,20,203,1_33_cell_photo_cr.jpg,360,360,C:\Users\Администратор\Desktop\ML\foto\1\2305\1_33_cell_photo_cr.jpg
1,189,170,1_34_cell_photo_cr.jpg,360,360,C:\Users\Администратор\Desktop\ML\foto\1\2305\1_34_cell_photo_cr.jpg
2,138,160,1_34_cell_photo_cr.jpg,360,360,C:\Users\Администратор\Desktop\ML\foto\1\2305\1_34_cell_photo_cr.jpg
3,285,66,1_34_cell_photo_cr.jpg,360,360,C:\Users\Администратор\Desktop\ML\foto\1\2305\1_34_cell_photo_cr.jpg
4,107,267,1_34_cell_photo_cr.jpg,360,360,C:\Users\Администратор\Desktop\ML\foto\1\2305\1_34_cell_photo_cr.jpg
1,190,181,1_35_cell_photo_cr.jpg,360,360,C:\Users\Администратор\Desktop\ML\foto\1\2305\1_35_cell_photo_cr.jpg
1,189,182,1_36_cell_photo_cr.jpg,360,360,C:\Users\Администратор\Desktop\ML\foto\1\2305\1_36_cell_photo_cr.jpg
2,255,67,1_36_cell_photo_cr.jpg,360,360,C:\Users\Администратор\Desktop\ML\foto\1\2305\1_36_cell_photo_cr.jpg
3,141,131,1_36_cell_photo_cr.jpg,360,360,C:\Users\Администратор\Desktop\ML\foto\1\2305\1_36_cell_photo_cr.jpg
4,356,260,1_36_cell_photo_cr.jpg,360,360,C:\Users\Администратор\Desktop\ML\foto\1\2305\1_36_cell_photo_cr.jpg
5,4,133,1_36_cell_photo_cr.jpg,360,360,C:\Users\Администратор\Desktop\ML\foto\1\2305\1_36_cell_photo_cr.jpg
1,173,152,1_37_cell_photo_cr.jpg,360,360,C:\Users\Администратор\Desktop\ML\foto\1\2305\1_37_cell_photo_cr.jpg
2,114,127,1_37_cell_photo_cr.jpg,360,360,C:\Users\Администратор\Desktop\ML\foto\1\2305\1_37_cell_photo_cr.jpg
3,228,104,1_37_cell_photo_cr.jpg,360,360,C:\Users\Администратор\Desktop\ML\foto\1\2305\1_37_cell_photo_cr.jpg
4,139,18,1_37_cell_photo_cr.jpg,360,360,C:\Users\Администратор\Desktop\ML\foto\1\2305\1_37_cell_photo_cr.jpg
5,193,255,1_37_cell_photo_cr.jpg,360,360,C:\Users\Администратор\Desktop\ML\foto\1\2305\1_37_cell_photo_cr.jpg
6,357,232,1_37_cell_photo_cr.jpg,360,360,C:\Users\Администратор\Desktop\ML\foto\1\2305\1_37_cell_photo_cr.jpg
7,5,198,1_37_cell_photo_cr.jpg,360,360,C:\Users\Администратор\Desktop\ML\foto\1\2305\1_37_cell_photo_cr.jpg
1,162,175,1_38_cell_photo_cr.jpg,360,360,C:\Users\Администратор\Desktop\ML\foto\1\2305\1_38_cell_photo_cr.jpg
2,185,87,1_38_cell_photo_cr.jpg,360,360,C:\Users\Администратор\Desktop\ML\foto\1\2305\1_38_cell_photo_cr.jpg
3,149,242,1_38_cell_photo_cr.jpg,360,360,C:\Users\Администратор\Desktop\ML\foto\1\2305\1_38_cell_photo_cr.jpg
1,190,168,1_39_cell_photo_cr.jpg,360,360,C:\Users\Администратор\Desktop\ML\foto\1\2305\1_39_cell_photo_cr.jpg
2,327,56,1_39_cell_photo_cr.jpg,360,360,C:\Users\Администратор\Desktop\ML\foto\1\2305\1_39_cell_photo_cr.jpg
3,62,296,1_39_cell_photo_cr.jpg,360,360,C:\Users\Администратор\Desktop\ML\foto\1\2305\1_39_cell_photo_cr.jpg
1,323,176,1_3_cell_photo_cr.jpg,360,360,C:\Users\Администратор\Desktop\ML\foto\1\2305\1_3_cell_photo_cr.jpg
2,198,160,1_3_cell_photo_cr.jpg,360,360,C:\Users\Администратор\Desktop\ML\foto\1\2305\1_3_cell_photo_cr.jpg
1,163,176,1_40_cell_photo_cr.jpg,360,360,C:\Users\Администратор\Desktop\ML\foto\1\2305\1_40_cell_photo_cr.jpg
2,111,312,1_40_cell_photo_cr.jpg,360,360,C:\Users\Администратор\Desktop\ML\foto\1\2305\1_40_cell_photo_cr.jpg
3,22,192,1_40_cell_photo_cr.jpg,360,360,C:\Users\Администратор\Desktop\ML\foto\1\2305\1_40_cell_photo_cr.jpg
4,102,26,1_40_cell_photo_cr.jpg,360,360,C:\Users\Администратор\Desktop\ML\foto\1\2305\1_40_cell_photo_cr.jpg
1,184,167,1_41_cell_photo_cr.jpg,360,360,C:\Users\Администратор\Desktop\ML\foto\1\2305\1_41_cell_photo_cr.jpg
2,27,139,1_41_cell_photo_cr.jpg,360,360,C:\Users\Администратор\Desktop\ML\foto\1\2305\1_41_cell_photo_cr.jpg
3,333,242,1_41_cell_photo_cr.jpg,360,360,C:\Users\Администратор\Desktop\ML\foto\1\2305\1_41_cell_photo_cr.jpg
4,183,197,1_41_cell_photo_cr.jpg,360,360,C:\Users\Администратор\Desktop\ML\foto\1\2305\1_41_cell_photo_cr.jpg
1,174,149,1_42_cell_photo_cr.jpg,360,360,C:\Users\Администратор\Desktop\ML\foto\1\2305\1_42_cell_photo_cr.jpg
2,141,124,1_42_cell_photo_cr.jpg,360,360,C:\Users\Администратор\Desktop\ML\foto\1\2305\1_42_cell_photo_cr.jpg
3,261,312,1_42_cell_photo_cr.jpg,360,360,C:\Users\Администратор\Desktop\ML\foto\1\2305\1_42_cell_photo_cr.jpg
4,148,257,1_42_cell_photo_cr.jpg,360,360,C:\Users\Администратор\Desktop\ML\foto\1\2305\1_42_cell_photo_cr.jpg
5,273,197,1_42_cell_photo_cr.jpg,360,360,C:\Users\Администратор\Desktop\ML\foto\1\2305\1_42_cell_photo_cr.jpg
6,348,10,1_42_cell_photo_cr.jpg,360,360,C:\Users\Администратор\Desktop\ML\foto\1\2305\1_42_cell_photo_cr.jpg
7,5,352,1_42_cell_photo_cr.jpg,360,360,C:\Users\Администратор\Desktop\ML\foto\1\2305\1_42_cell_photo_cr.jpg
1,167,173,1_43_cell_photo_cr.jpg,360,360,C:\Users\Администратор\Desktop\ML\foto\1\2305\1_43_cell_photo_cr.jpg
2,134,123,1_43_cell_photo_cr.jpg,360,360,C:\Users\Администратор\Desktop\ML\foto\1\2305\1_43_cell_photo_cr.jpg
3,46,138,1_43_cell_photo_cr.jpg,360,360,C:\Users\Администратор\Desktop\ML\foto\1\2305\1_43_cell_photo_cr.jpg
4,356,160,1_43_cell_photo_cr.jpg,360,360,C:\Users\Администратор\Desktop\ML\foto\1\2305\1_43_cell_photo_cr.jpg
5,2,227,1_43_cell_photo_cr.jpg,360,360,C:\Users\Администратор\Desktop\ML\foto\1\2305\1_43_cell_photo_cr.jpg
1,171,162,1_44_cell_photo_cr.jpg,360,360,C:\Users\Администратор\Desktop\ML\foto\1\2305\1_44_cell_photo_cr.jpg
2,303,329,1_44_cell_photo_cr.jpg,360,360,C:\Users\Администратор\Desktop\ML\foto\1\2305\1_44_cell_photo_cr.jpg
3,218,85,1_44_cell_photo_cr.jpg,360,360,C:\Users\Администратор\Desktop\ML\foto\1\2305\1_44_cell_photo_cr.jpg
4,180,101,1_44_cell_photo_cr.jpg,360,360,C:\Users\Администратор\Desktop\ML\foto\1\2305\1_44_cell_photo_cr.jpg
5,231,129,1_44_cell_photo_cr.jpg,360,360,C:\Users\Администратор\Desktop\ML\foto\1\2305\1_44_cell_photo_cr.jpg
6,2,73,1_44_cell_photo_cr.jpg,360,360,C:\Users\Администратор\Desktop\ML\foto\1\2305\1_44_cell_photo_cr.jpg
1,188,172,1_45_cell_photo_cr.jpg,360,360,C:\Users\Администратор\Desktop\ML\foto\1\2305\1_45_cell_photo_cr.jpg
1,178,147,1_46_cell_photo_cr.jpg,360,360,C:\Users\Администратор\Desktop\ML\foto\1\2305\1_46_cell_photo_cr.jpg
1,209,198,1_47_cell_photo_cr.jpg,360,360,C:\Users\Администратор\Desktop\ML\foto\1\2305\1_47_cell_photo_cr.jpg
2,153,193,1_47_cell_photo_cr.jpg,360,360,C:\Users\Администратор\Desktop\ML\foto\1\2305\1_47_cell_photo_cr.jpg
3,335,189,1_47_cell_photo_cr.jpg,360,360,C:\Users\Администратор\Desktop\ML\foto\1\2305\1_47_cell_photo_cr.jpg
4,211,262,1_47_cell_photo_cr.jpg,360,360,C:\Users\Администратор\Desktop\ML\foto\1\2305\1_47_cell_photo_cr.jpg
1,163,187,1_48_cell_photo_cr.jpg,360,360,C:\Users\Администратор\Desktop\ML\foto\1\2305\1_48_cell_photo_cr.jpg
2,41,243,1_48_cell_photo_cr.jpg,360,360,C:\Users\Администратор\Desktop\ML\foto\1\2305\1_48_cell_photo_cr.jpg
3,110,58,1_48_cell_photo_cr.jpg,360,360,C:\Users\Администратор\Desktop\ML\foto\1\2305\1_48_cell_photo_cr.jpg
4,134,257,1_48_cell_photo_cr.jpg,360,360,C:\Users\Администратор\Desktop\ML\foto\1\2305\1_48_cell_photo_cr.jpg
5,195,352,1_48_cell_photo_cr.jpg,360,360,C:\Users\Администратор\Desktop\ML\foto\1\2305\1_48_cell_photo_cr.jpg
1,165,163,1_49_cell_photo_cr.jpg,360,360,C:\Users\Администратор\Desktop\ML\foto\1\2305\1_49_cell_photo_cr.jpg
2,257,327,1_49_cell_photo_cr.jpg,360,360,C:\Users\Администратор\Desktop\ML\foto\1\2305\1_49_cell_photo_cr.jpg
3,72,2,1_49_cell_photo_cr.jpg,360,360,C:\Users\Администратор\Desktop\ML\foto\1\2305\1_49_cell_photo_cr.jpg
1,132,180,1_4_cell_photo_cr.jpg,360,360,C:\Users\Администратор\Desktop\ML\foto\1\2305\1_4_cell_photo_cr.jpg
2,185,198,1_4_cell_photo_cr.jpg,360,360,C:\Users\Администратор\Desktop\ML\foto\1\2305\1_4_cell_photo_cr.jpg
3,138,358,1_4_cell_photo_cr.jpg,360,360,C:\Users\Администратор\Desktop\ML\foto\1\2305\1_4_cell_photo_cr.jpg
4,123,4,1_4_cell_photo_cr.jpg,360,360,C:\Users\Администратор\Desktop\ML\foto\1\2305\1_4_cell_photo_cr.jpg
1,229,157,1_50_cell_photo_cr.jpg,360,360,C:\Users\Администратор\Desktop\ML\foto\1\2305\1_50_cell_photo_cr.jpg
2,319,19,1_50_cell_photo_cr.jpg,360,360,C:\Users\Администратор\Desktop\ML\foto\1\2305\1_50_cell_photo_cr.jpg
3,151,271,1_50_cell_photo_cr.jpg,360,360,C:\Users\Администратор\Desktop\ML\foto\1\2305\1_50_cell_photo_cr.jpg
1,200,145,1_5_cell_photo_cr.jpg,360,360,C:\Users\Администратор\Desktop\ML\foto\1\2305\1_5_cell_photo_cr.jpg
2,112,274,1_5_cell_photo_cr.jpg,360,360,C:\Users\Администратор\Desktop\ML\foto\1\2305\1_5_cell_photo_cr.jpg
3,322,49,1_5_cell_photo_cr.jpg,360,360,C:\Users\Администратор\Desktop\ML\foto\1\2305\1_5_cell_photo_cr.jpg
4,155,128,1_5_cell_photo_cr.jpg,360,360,C:\Users\Администратор\Desktop\ML\foto\1\2305\1_5_cell_photo_cr.jpg
5,236,147,1_5_cell_photo_cr.jpg,360,360,C:\Users\Администратор\Desktop\ML\foto\1\2305\1_5_cell_photo_cr.jpg
1,173,203,1_6_cell_photo_cr.jpg,360,360,C:\Users\Администратор\Desktop\ML\foto\1\2305\1_6_cell_photo_cr.jpg
1,169,175,1_7_cell_photo_cr.jpg,360,360,C:\Users\Администратор\Desktop\ML\foto\1\2305\1_7_cell_photo_cr.jpg
2,77,103,1_7_cell_photo_cr.jpg,360,360,C:\Users\Администратор\Desktop\ML\foto\1\2305\1_7_cell_photo_cr.jpg
3,278,190,1_7_cell_photo_cr.jpg,360,360,C:\Users\Администратор\Desktop\ML\foto\1\2305\1_7_cell_photo_cr.jpg
1,178,195,1_8_cell_photo_cr.jpg,360,360,C:\Users\Администратор\Desktop\ML\foto\1\2305\1_8_cell_photo_cr.jpg
2,122,189,1_8_cell_photo_cr.jpg,360,360,C:\Users\Администратор\Desktop\ML\foto\1\2305\1_8_cell_photo_cr.jpg
3,242,149,1_8_cell_photo_cr.jpg,360,360,C:\Users\Администратор\Desktop\ML\foto\1\2305\1_8_cell_photo_cr.jpg
4,190,302,1_8_cell_photo_cr.jpg,360,360,C:\Users\Администратор\Desktop\ML\foto\1\2305\1_8_cell_photo_cr.jpg
1,170,172,1_9_cell_photo_cr.jpg,360,360,C:\Users\Администратор\Desktop\ML\foto\1\2305\1_9_cell_photo_cr.jpg
2,176,217,1_9_cell_photo_cr.jpg,360,360,C:\Users\Администратор\Desktop\ML\foto\1\2305\1_9_cell_photo_cr.jpg
3,196,119,1_9_cell_photo_cr.jpg,360,360,C:\Users\Администратор\Desktop\ML\foto\1\2305\1_9_cell_photo_cr.jpg
4,347,252,1_9_cell_photo_cr.jpg,360,360,C:\Users\Администратор\Desktop\ML\foto\1\2305\1_9_cell_photo_cr.jpg
5,72,9,1_9_cell_photo_cr.jpg,360,360,C:\Users\Администратор\Desktop\ML\foto\1\2305\1_9_cell_photo_cr.jpg
1,173,172,1_1_cell_photo_cr.jpg,360,360,C:\Users\Администратор\Desktop\ML\foto\1\2505\1_1_cell_photo_cr.jpg
1,108,88,1_2_cell_photo_cr.jpg,360,360,C:\Users\Администратор\Desktop\ML\foto\1\2505\1_2_cell_photo_cr.jpg
1,179,237,1_3_cell_photo_cr.jpg,360,360,C:\Users\Администратор\Desktop\ML\foto\1\2505\1_3_cell_photo_cr.jpg
2,50,243,1_3_cell_photo_cr.jpg,360,360,C:\Users\Администратор\Desktop\ML\foto\1\2505\1_3_cell_photo_cr.jpg
3,327,310,1_3_cell_photo_cr.jpg,360,360,C:\Users\Администратор\Desktop\ML\foto\1\2505\1_3_cell_photo_cr.jpg
4,144,272,1_3_cell_photo_cr.jpg,360,360,C:\Users\Администратор\Desktop\ML\foto\1\2505\1_3_cell_photo_cr.jpg
1,146,145,1_4_cell_photo_cr.jpg,360,360,C:\Users\Администратор\Desktop\ML\foto\1\2505\1_4_cell_photo_cr.jpg
2,202,173,1_4_cell_photo_cr.jpg,360,360,C:\Users\Администратор\Desktop\ML\foto\1\2505\1_4_cell_photo_cr.jpg
3,125,329,1_4_cell_photo_cr.jpg,360,360,C:\Users\Администратор\Desktop\ML\foto\1\2505\1_4_cell_photo_cr.jpg
4,131,3,1_4_cell_photo_cr.jpg,360,360,C:\Users\Администратор\Desktop\ML\foto\1\2505\1_4_cell_photo_cr.jpg
1,188,180,1_5_cell_photo_cr.jpg,360,360,C:\Users\Администратор\Desktop\ML\foto\1\2505\1_5_cell_photo_cr.jpg
2,311,68,1_5_cell_photo_cr.jpg,360,360,C:\Users\Администратор\Desktop\ML\foto\1\2505\1_5_cell_photo_cr.jpg
3,89,332,1_5_cell_photo_cr.jpg,360,360,C:\Users\Администратор\Desktop\ML\foto\1\2505\1_5_cell_photo_cr.jpg
4,241,203,1_5_cell_photo_cr.jpg,360,360,C:\Users\Администратор\Desktop\ML\foto\1\2505\1_5_cell_photo_cr.jpg
5,116,146,1_5_cell_photo_cr.jpg,360,360,C:\Users\Администратор\Desktop\ML\foto\1\2505\1_5_cell_photo_cr.jpg
6,189,122,1_5_cell_photo_cr.jpg,360,360,C:\Users\Администратор\Desktop\ML\foto\1\2505\1_5_cell_photo_cr.jpg
7,137,183,1_5_cell_photo_cr.jpg,360,360,C:\Users\Администратор\Desktop\ML\foto\1\2505\1_5_cell_photo_cr.jpg
1,175,171,1_6_cell_photo_cr.jpg,360,360,C:\Users\Администратор\Desktop\ML\foto\1\2505\1_6_cell_photo_cr.jpg
1,196,177,1_7_cell_photo_cr.jpg,360,360,C:\Users\Администратор\Desktop\ML\foto\1\2505\1_7_cell_photo_cr.jpg
2,85,113,1_7_cell_photo_cr.jpg,360,360,C:\Users\Администратор\Desktop\ML\foto\1\2505\1_7_cell_photo_cr.jpg
3,287,184,1_7_cell_photo_cr.jpg,360,360,C:\Users\Администратор\Desktop\ML\foto\1\2505\1_7_cell_photo_cr.jpg
1,202,206,1_8_cell_photo_cr.jpg,360,360,C:\Users\Администратор\Desktop\ML\foto\1\2505\1_8_cell_photo_cr.jpg
2,129,178,1_8_cell_photo_cr.jpg,360,360,C:\Users\Администратор\Desktop\ML\foto\1\2505\1_8_cell_photo_cr.jpg
3,163,227,1_8_cell_photo_cr.jpg,360,360,C:\Users\Администратор\Desktop\ML\foto\1\2505\1_8_cell_photo_cr.jpg
4,223,304,1_8_cell_photo_cr.jpg,360,360,C:\Users\Администратор\Desktop\ML\foto\1\2505\1_8_cell_photo_cr.jpg
5,264,152,1_8_cell_photo_cr.jpg,360,360,C:\Users\Администратор\Desktop\ML\foto\1\2505\1_8_cell_photo_cr.jpg
1,175,161,1_9_cell_photo_cr.jpg,360,360,C:\Users\Администратор\Desktop\ML\foto\1\2505\1_9_cell_photo_cr.jpg
2,72,26,1_9_cell_photo_cr.jpg,360,360,C:\Users\Администратор\Desktop\ML\foto\1\2505\1_9_cell_photo_cr.jpg
3,348,236,1_9_cell_photo_cr.jpg,360,360,C:\Users\Администратор\Desktop\ML\foto\1\2505\1_9_cell_photo_cr.jpg
4,173,227,1_9_cell_photo_cr.jpg,360,360,C:\Users\Администратор\Desktop\ML\foto\1\2505\1_9_cell_photo_cr.jpg
5,191,106,1_9_cell_photo_cr.jpg,360,360,C:\Users\Администратор\Desktop\ML\foto\1\2505\1_9_cell_photo_cr.jpg
1,185,175,1_10_cell_photo_cr.jpg,360,360,C:\Users\Администратор\Desktop\ML\foto\1\2505\1_10_cell_photo_cr.jpg
1,175,190,1_11_cell_photo_cr.jpg,360,360,C:\Users\Администратор\Desktop\ML\foto\1\2505\1_11_cell_photo_cr.jpg
1,195,147,1_12_cell_photo_cr.jpg,360,360,C:\Users\Администратор\Desktop\ML\foto\1\2505\1_12_cell_photo_cr.jpg
2,123,1,1_12_cell_photo_cr.jpg,360,360,C:\Users\Администратор\Desktop\ML\foto\1\2505\1_12_cell_photo_cr.jpg
3,239,354,1_12_cell_photo_cr.jpg,360,360,C:\Users\Администратор\Desktop\ML\foto\1\2505\1_12_cell_photo_cr.jpg
1,209,170,1_13_cell_photo_cr.jpg,360,360,C:\Users\Администратор\Desktop\ML\foto\1\2505\1_13_cell_photo_cr.jpg
2,206,231,1_13_cell_photo_cr.jpg,360,360,C:\Users\Администратор\Desktop\ML\foto\1\2505\1_13_cell_photo_cr.jpg
3,303,169,1_13_cell_photo_cr.jpg,360,360,C:\Users\Администратор\Desktop\ML\foto\1\2505\1_13_cell_photo_cr.jpg
4,111,91,1_13_cell_photo_cr.jpg,360,360,C:\Users\Администратор\Desktop\ML\foto\1\2505\1_13_cell_photo_cr.jpg
5,5,276,1_13_cell_photo_cr.jpg,360,360,C:\Users\Администратор\Desktop\ML\foto\1\2505\1_13_cell_photo_cr.jpg
1,187,190,1_14_cell_photo_cr.jpg,360,360,C:\Users\Администратор\Desktop\ML\foto\1\2505\1_14_cell_photo_cr.jpg
2,181,244,1_14_cell_photo_cr.jpg,360,360,C:\Users\Администратор\Desktop\ML\foto\1\2505\1_14_cell_photo_cr.jpg
3,4,277,1_14_cell_photo_cr.jpg,360,360,C:\Users\Администратор\Desktop\ML\foto\1\2505\1_14_cell_photo_cr.jpg
4,356,259,1_14_cell_photo_cr.jpg,360,360,C:\Users\Администратор\Desktop\ML\foto\1\2505\1_14_cell_photo_cr.jpg
5,191,93,1_14_cell_photo_cr.jpg,360,360,C:\Users\Администратор\Desktop\ML\foto\1\2505\1_14_cell_photo_cr.jpg
1,200,177,1_15_cell_photo_cr.jpg,360,360,C:\Users\Администратор\Desktop\ML\foto\1\2505\1_15_cell_photo_cr.jpg
2,139,103,1_15_cell_photo_cr.jpg,360,360,C:\Users\Администратор\Desktop\ML\foto\1\2505\1_15_cell_photo_cr.jpg
3,326,96,1_15_cell_photo_cr.jpg,360,360,C:\Users\Администратор\Desktop\ML\foto\1\2505\1_15_cell_photo_cr.jpg
4,126,294,1_15_cell_photo_cr.jpg,360,360,C:\Users\Администратор\Desktop\ML\foto\1\2505\1_15_cell_photo_cr.jpg
1,134,109,1_16_cell_photo_cr.jpg,360,360,C:\Users\Администратор\Desktop\ML\foto\1\2505\1_16_cell_photo_cr.jpg
2,250,153,1_16_cell_photo_cr.jpg,360,360,C:\Users\Администратор\Desktop\ML\foto\1\2505\1_16_cell_photo_cr.jpg
3,282,249,1_16_cell_photo_cr.jpg,360,360,C:\Users\Администратор\Desktop\ML\foto\1\2505\1_16_cell_photo_cr.jpg
4,203,254,1_16_cell_photo_cr.jpg,360,360,C:\Users\Администратор\Desktop\ML\foto\1\2505\1_16_cell_photo_cr.jpg
5,4,339,1_16_cell_photo_cr.jpg,360,360,C:\Users\Администратор\Desktop\ML\foto\1\2505\1_16_cell_photo_cr.jpg
6,350,33,1_16_cell_photo_cr.jpg,360,360,C:\Users\Администратор\Desktop\ML\foto\1\2505\1_16_cell_photo_cr.jpg
1,170,163,1_17_cell_photo_cr.jpg,360,360,C:\Users\Администратор\Desktop\ML\foto\1\2505\1_17_cell_photo_cr.jpg
1,184,183,1_18_cell_photo_cr.jpg,360,360,C:\Users\Администратор\Desktop\ML\foto\1\2505\1_18_cell_photo_cr.jpg
2,163,347,1_18_cell_photo_cr.jpg,360,360,C:\Users\Администратор\Desktop\ML\foto\1\2505\1_18_cell_photo_cr.jpg
3,360,70,1_18_cell_photo_cr.jpg,360,360,C:\Users\Администратор\Desktop\ML\foto\1\2505\1_18_cell_photo_cr.jpg
4,5,264,1_18_cell_photo_cr.jpg,360,360,C:\Users\Администратор\Desktop\ML\foto\1\2505\1_18_cell_photo_cr.jpg
1,231,128,1_19_cell_photo_cr.jpg,360,360,C:\Users\Администратор\Desktop\ML\foto\1\2505\1_19_cell_photo_cr.jpg
2,196,112,1_19_cell_photo_cr.jpg,360,360,C:\Users\Администратор\Desktop\ML\foto\1\2505\1_19_cell_photo_cr.jpg
3,324,24,1_19_cell_photo_cr.jpg,360,360,C:\Users\Администратор\Desktop\ML\foto\1\2505\1_19_cell_photo_cr.jpg
4,188,274,1_19_cell_photo_cr.jpg,360,360,C:\Users\Администратор\Desktop\ML\foto\1\2505\1_19_cell_photo_cr.jpg
1,192,96,1_20_cell_photo_cr.jpg,360,360,C:\Users\Администратор\Desktop\ML\foto\1\2505\1_20_cell_photo_cr.jpg
2,353,46,1_20_cell_photo_cr.jpg,360,360,C:\Users\Администратор\Desktop\ML\foto\1\2505\1_20_cell_photo_cr.jpg
1,176,144,1_21_cell_photo_cr.jpg,360,360,C:\Users\Администратор\Desktop\ML\foto\1\2505\1_21_cell_photo_cr.jpg
2,114,143,1_21_cell_photo_cr.jpg,360,360,C:\Users\Администратор\Desktop\ML\foto\1\2505\1_21_cell_photo_cr.jpg
3,245,188,1_21_cell_photo_cr.jpg,360,360,C:\Users\Администратор\Desktop\ML\foto\1\2505\1_21_cell_photo_cr.jpg
1,210,196,1_22_cell_photo_cr.jpg,360,360,C:\Users\Администратор\Desktop\ML\foto\1\2505\1_22_cell_photo_cr.jpg
2,347,163,1_22_cell_photo_cr.jpg,360,360,C:\Users\Администратор\Desktop\ML\foto\1\2505\1_22_cell_photo_cr.jpg
3,180,357,1_22_cell_photo_cr.jpg,360,360,C:\Users\Администратор\Desktop\ML\foto\1\2505\1_22_cell_photo_cr.jpg
4,131,6,1_22_cell_photo_cr.jpg,360,360,C:\Users\Администратор\Desktop\ML\foto\1\2505\1_22_cell_photo_cr.jpg
1,147,191,1_23_cell_photo_cr.jpg,360,360,C:\Users\Администратор\Desktop\ML\foto\1\2505\1_23_cell_photo_cr.jpg
2,100,175,1_23_cell_photo_cr.jpg,360,360,C:\Users\Администратор\Desktop\ML\foto\1\2505\1_23_cell_photo_cr.jpg
3,193,203,1_23_cell_photo_cr.jpg,360,360,C:\Users\Администратор\Desktop\ML\foto\1\2505\1_23_cell_photo_cr.jpg
1,148,143,1_24_cell_photo_cr.jpg,360,360,C:\Users\Администратор\Desktop\ML\foto\1\2505\1_24_cell_photo_cr.jpg
2,145,231,1_24_cell_photo_cr.jpg,360,360,C:\Users\Администратор\Desktop\ML\foto\1\2505\1_24_cell_photo_cr.jpg
1,203,153,1_25_cell_photo_cr.jpg,360,360,C:\Users\Администратор\Desktop\ML\foto\1\2505\1_25_cell_photo_cr.jpg
2,255,349,1_25_cell_photo_cr.jpg,360,360,C:\Users\Администратор\Desktop\ML\foto\1\2505\1_25_cell_photo_cr.jpg
3,9,160,1_25_cell_photo_cr.jpg,360,360,C:\Users\Администратор\Desktop\ML\foto\1\2505\1_25_cell_photo_cr.jpg
4,138,352,1_25_cell_photo_cr.jpg,360,360,C:\Users\Администратор\Desktop\ML\foto\1\2505\1_25_cell_photo_cr.jpg
5,352,247,1_25_cell_photo_cr.jpg,360,360,C:\Users\Администратор\Desktop\ML\foto\1\2505\1_25_cell_photo_cr.jpg
1,198,169,1_26_cell_photo_cr.jpg,360,360,C:\Users\Администратор\Desktop\ML\foto\1\2505\1_26_cell_photo_cr.jpg
2,267,338,1_26_cell_photo_cr.jpg,360,360,C:\Users\Администратор\Desktop\ML\foto\1\2505\1_26_cell_photo_cr.jpg
3,148,38,1_26_cell_photo_cr.jpg,360,360,C:\Users\Администратор\Desktop\ML\foto\1\2505\1_26_cell_photo_cr.jpg
4,179,188,1_26_cell_photo_cr.jpg,360,360,C:\Users\Администратор\Desktop\ML\foto\1\2505\1_26_cell_photo_cr.jpg
1,203,214,1_27_cell_photo_cr.jpg,360,360,C:\Users\Администратор\Desktop\ML\foto\1\2505\1_27_cell_photo_cr.jpg
2,10,144,1_27_cell_photo_cr.jpg,360,360,C:\Users\Администратор\Desktop\ML\foto\1\2505\1_27_cell_photo_cr.jpg
3,125,254,1_27_cell_photo_cr.jpg,360,360,C:\Users\Администратор\Desktop\ML\foto\1\2505\1_27_cell_photo_cr.jpg
4,268,357,1_27_cell_photo_cr.jpg,360,360,C:\Users\Администратор\Desktop\ML\foto\1\2505\1_27_cell_photo_cr.jpg
5,97,14,1_27_cell_photo_cr.jpg,360,360,C:\Users\Администратор\Desktop\ML\foto\1\2505\1_27_cell_photo_cr.jpg
1,200,141,1_28_cell_photo_cr.jpg,360,360,C:\Users\Администратор\Desktop\ML\foto\1\2505\1_28_cell_photo_cr.jpg
2,106,232,1_28_cell_photo_cr.jpg,360,360,C:\Users\Администратор\Desktop\ML\foto\1\2505\1_28_cell_photo_cr.jpg
3,267,358,1_28_cell_photo_cr.jpg,360,360,C:\Users\Администратор\Desktop\ML\foto\1\2505\1_28_cell_photo_cr.jpg
4,252,3,1_28_cell_photo_cr.jpg,360,360,C:\Users\Администратор\Desktop\ML\foto\1\2505\1_28_cell_photo_cr.jpg
1,165,173,1_29_cell_photo_cr.jpg,360,360,C:\Users\Администратор\Desktop\ML\foto\1\2505\1_29_cell_photo_cr.jpg
1,191,183,1_30_cell_photo_cr.jpg,360,360,C:\Users\Администратор\Desktop\ML\foto\1\2505\1_30_cell_photo_cr.jpg
1,172,203,1_31_cell_photo_cr.jpg,360,360,C:\Users\Администратор\Desktop\ML\foto\1\2505\1_31_cell_photo_cr.jpg
2,32,97,1_31_cell_photo_cr.jpg,360,360,C:\Users\Администратор\Desktop\ML\foto\1\2505\1_31_cell_photo_cr.jpg
3,210,356,1_31_cell_photo_cr.jpg,360,360,C:\Users\Администратор\Desktop\ML\foto\1\2505\1_31_cell_photo_cr.jpg
1,200,227,1_32_cell_photo_cr.jpg,360,360,C:\Users\Администратор\Desktop\ML\foto\1\2505\1_32_cell_photo_cr.jpg
2,195,193,1_32_cell_photo_cr.jpg,360,360,C:\Users\Администратор\Desktop\ML\foto\1\2505\1_32_cell_photo_cr.jpg
3,204,292,1_32_cell_photo_cr.jpg,360,360,C:\Users\Администратор\Desktop\ML\foto\1\2505\1_32_cell_photo_cr.jpg
1,203,152,1_33_cell_photo_cr.jpg,360,360,C:\Users\Администратор\Desktop\ML\foto\1\2505\1_33_cell_photo_cr.jpg
2,221,212,1_33_cell_photo_cr.jpg,360,360,C:\Users\Администратор\Desktop\ML\foto\1\2505\1_33_cell_photo_cr.jpg
3,348,85,1_33_cell_photo_cr.jpg,360,360,C:\Users\Администратор\Desktop\ML\foto\1\2505\1_33_cell_photo_cr.jpg
4,29,207,1_33_cell_photo_cr.jpg,360,360,C:\Users\Администратор\Desktop\ML\foto\1\2505\1_33_cell_photo_cr.jpg
1,212,165,1_34_cell_photo_cr.jpg,360,360,C:\Users\Администратор\Desktop\ML\foto\1\2505\1_34_cell_photo_cr.jpg
2,136,258,1_34_cell_photo_cr.jpg,360,360,C:\Users\Администратор\Desktop\ML\foto\1\2505\1_34_cell_photo_cr.jpg
3,312,88,1_34_cell_photo_cr.jpg,360,360,C:\Users\Администратор\Desktop\ML\foto\1\2505\1_34_cell_photo_cr.jpg
4,157,152,1_34_cell_photo_cr.jpg,360,360,C:\Users\Администратор\Desktop\ML\foto\1\2505\1_34_cell_photo_cr.jpg
3,174,179,1_35_cell_photo_cr.jpg,360,360,C:\Users\Администратор\Desktop\ML\foto\1\2505\1_35_cell_photo_cr.jpg
1,215,162,1_36_cell_photo_cr.jpg,360,360,C:\Users\Администратор\Desktop\ML\foto\1\2505\1_36_cell_photo_cr.jpg
2,293,46,1_36_cell_photo_cr.jpg,360,360,C:\Users\Администратор\Desktop\ML\foto\1\2505\1_36_cell_photo_cr.jpg
3,354,248,1_36_cell_photo_cr.jpg,360,360,C:\Users\Администратор\Desktop\ML\foto\1\2505\1_36_cell_photo_cr.jpg
4,4,120,1_36_cell_photo_cr.jpg,360,360,C:\Users\Администратор\Desktop\ML\foto\1\2505\1_36_cell_photo_cr.jpg
5,175,118,1_36_cell_photo_cr.jpg,360,360,C:\Users\Администратор\Desktop\ML\foto\1\2505\1_36_cell_photo_cr.jpg
1,191,145,1_37_cell_photo_cr.jpg,360,360,C:\Users\Администратор\Desktop\ML\foto\1\2505\1_37_cell_photo_cr.jpg
2,193,269,1_37_cell_photo_cr.jpg,360,360,C:\Users\Администратор\Desktop\ML\foto\1\2505\1_37_cell_photo_cr.jpg
3,195,3,1_37_cell_photo_cr.jpg,360,360,C:\Users\Администратор\Desktop\ML\foto\1\2505\1_37_cell_photo_cr.jpg
4,142,92,1_37_cell_photo_cr.jpg,360,360,C:\Users\Администратор\Desktop\ML\foto\1\2505\1_37_cell_photo_cr.jpg
5,245,101,1_37_cell_photo_cr.jpg,360,360,C:\Users\Администратор\Desktop\ML\foto\1\2505\1_37_cell_photo_cr.jpg
6,359,152,1_37_cell_photo_cr.jpg,360,360,C:\Users\Администратор\Desktop\ML\foto\1\2505\1_37_cell_photo_cr.jpg
7,5,125,1_37_cell_photo_cr.jpg,360,360,C:\Users\Администратор\Desktop\ML\foto\1\2505\1_37_cell_photo_cr.jpg
1,171,176,1_38_cell_photo_cr.jpg,360,360,C:\Users\Администратор\Desktop\ML\foto\1\2505\1_38_cell_photo_cr.jpg
2,178,273,1_38_cell_photo_cr.jpg,360,360,C:\Users\Администратор\Desktop\ML\foto\1\2505\1_38_cell_photo_cr.jpg
3,206,80,1_38_cell_photo_cr.jpg,360,360,C:\Users\Администратор\Desktop\ML\foto\1\2505\1_38_cell_photo_cr.jpg
1,179,161,1_39_cell_photo_cr.jpg,360,360,C:\Users\Администратор\Desktop\ML\foto\1\2505\1_39_cell_photo_cr.jpg
2,354,149,1_39_cell_photo_cr.jpg,360,360,C:\Users\Администратор\Desktop\ML\foto\1\2505\1_39_cell_photo_cr.jpg
3,4,280,1_39_cell_photo_cr.jpg,360,360,C:\Users\Администратор\Desktop\ML\foto\1\2505\1_39_cell_photo_cr.jpg
1,193,159,1_40_cell_photo_cr.jpg,360,360,C:\Users\Администратор\Desktop\ML\foto\1\2505\1_40_cell_photo_cr.jpg
2,55,184,1_40_cell_photo_cr.jpg,360,360,C:\Users\Администратор\Desktop\ML\foto\1\2505\1_40_cell_photo_cr.jpg
3,113,136,1_40_cell_photo_cr.jpg,360,360,C:\Users\Администратор\Desktop\ML\foto\1\2505\1_40_cell_photo_cr.jpg
4,136,219,1_40_cell_photo_cr.jpg,360,360,C:\Users\Администратор\Desktop\ML\foto\1\2505\1_40_cell_photo_cr.jpg
5,267,345,1_40_cell_photo_cr.jpg,360,360,C:\Users\Администратор\Desktop\ML\foto\1\2505\1_40_cell_photo_cr.jpg
6,208,6,1_40_cell_photo_cr.jpg,360,360,C:\Users\Администратор\Desktop\ML\foto\1\2505\1_40_cell_photo_cr.jpg
1,175,173,1_41_cell_photo_cr.jpg,360,360,C:\Users\Администратор\Desktop\ML\foto\1\2505\1_41_cell_photo_cr.jpg
2,308,321,1_41_cell_photo_cr.jpg,360,360,C:\Users\Администратор\Desktop\ML\foto\1\2505\1_41_cell_photo_cr.jpg
3,155,254,1_41_cell_photo_cr.jpg,360,360,C:\Users\Администратор\Desktop\ML\foto\1\2505\1_41_cell_photo_cr.jpg
4,14,155,1_41_cell_photo_cr.jpg,360,360,C:\Users\Администратор\Desktop\ML\foto\1\2505\1_41_cell_photo_cr.jpg
1,211,184,1_42_cell_photo_cr.jpg,360,360,C:\Users\Администратор\Desktop\ML\foto\1\2505\1_42_cell_photo_cr.jpg
1,173,199,1_43_cell_photo_cr.jpg,360,360,C:\Users\Администратор\Desktop\ML\foto\1\2505\1_43_cell_photo_cr.jpg
2,15,184,1_43_cell_photo_cr.jpg,360,360,C:\Users\Администратор\Desktop\ML\foto\1\2505\1_43_cell_photo_cr.jpg
3,123,157,1_43_cell_photo_cr.jpg,360,360,C:\Users\Администратор\Desktop\ML\foto\1\2505\1_43_cell_photo_cr.jpg
4,174,250,1_43_cell_photo_cr.jpg,360,360,C:\Users\Администратор\Desktop\ML\foto\1\2505\1_43_cell_photo_cr.jpg
5,5,258,1_43_cell_photo_cr.jpg,360,360,C:\Users\Администратор\Desktop\ML\foto\1\2505\1_43_cell_photo_cr.jpg
6,355,259,1_43_cell_photo_cr.jpg,360,360,C:\Users\Администратор\Desktop\ML\foto\1\2505\1_43_cell_photo_cr.jpg
1,195,140,1_44_cell_photo_cr.jpg,360,360,C:\Users\Администратор\Desktop\ML\foto\1\2505\1_44_cell_photo_cr.jpg
2,235,91,1_44_cell_photo_cr.jpg,360,360,C:\Users\Администратор\Desktop\ML\foto\1\2505\1_44_cell_photo_cr.jpg
3,310,344,1_44_cell_photo_cr.jpg,360,360,C:\Users\Администратор\Desktop\ML\foto\1\2505\1_44_cell_photo_cr.jpg
4,24,83,1_44_cell_photo_cr.jpg,360,360,C:\Users\Администратор\Desktop\ML\foto\1\2505\1_44_cell_photo_cr.jpg
1,176,154,1_45_cell_photo_cr.jpg,360,360,C:\Users\Администратор\Desktop\ML\foto\1\2505\1_45_cell_photo_cr.jpg
1,174,167,1_46_cell_photo_cr.jpg,360,360,C:\Users\Администратор\Desktop\ML\foto\1\2505\1_46_cell_photo_cr.jpg
1,195,194,1_47_cell_photo_cr.jpg,360,360,C:\Users\Администратор\Desktop\ML\foto\1\2505\1_47_cell_photo_cr.jpg
2,201,278,1_47_cell_photo_cr.jpg,360,360,C:\Users\Администратор\Desktop\ML\foto\1\2505\1_47_cell_photo_cr.jpg
3,113,180,1_47_cell_photo_cr.jpg,360,360,C:\Users\Администратор\Desktop\ML\foto\1\2505\1_47_cell_photo_cr.jpg
4,339,219,1_47_cell_photo_cr.jpg,360,360,C:\Users\Администратор\Desktop\ML\foto\1\2505\1_47_cell_photo_cr.jpg
1,213,144,1_48_cell_photo_cr.jpg,360,360,C:\Users\Администратор\Desktop\ML\foto\1\2505\1_48_cell_photo_cr.jpg
2,110,199,1_48_cell_photo_cr.jpg,360,360,C:\Users\Администратор\Desktop\ML\foto\1\2505\1_48_cell_photo_cr.jpg
3,181,228,1_48_cell_photo_cr.jpg,360,360,C:\Users\Администратор\Desktop\ML\foto\1\2505\1_48_cell_photo_cr.jpg
4,282,354,1_48_cell_photo_cr.jpg,360,360,C:\Users\Администратор\Desktop\ML\foto\1\2505\1_48_cell_photo_cr.jpg
5,218,4,1_48_cell_photo_cr.jpg,360,360,C:\Users\Администратор\Desktop\ML\foto\1\2505\1_48_cell_photo_cr.jpg
1,166,190,1_49_cell_photo_cr.jpg,360,360,C:\Users\Администратор\Desktop\ML\foto\1\2505\1_49_cell_photo_cr.jpg
2,252,355,1_49_cell_photo_cr.jpg,360,360,C:\Users\Администратор\Desktop\ML\foto\1\2505\1_49_cell_photo_cr.jpg
3,62,1,1_49_cell_photo_cr.jpg,360,360,C:\Users\Администратор\Desktop\ML\foto\1\2505\1_49_cell_photo_cr.jpg
1,198,179,1_50_cell_photo_cr.jpg,360,360,C:\Users\Администратор\Desktop\ML\foto\1\2505\1_50_cell_photo_cr.jpg
2,313,83,1_50_cell_photo_cr.jpg,360,360,C:\Users\Администратор\Desktop\ML\foto\1\2505\1_50_cell_photo_cr.jpg
3,145,319,1_50_cell_photo_cr.jpg,360,360,C:\Users\Администратор\Desktop\ML\foto\1\2505\1_50_cell_photo_cr.jpg
1,182,175,1_1_cell_photo_cr.jpg,360,360,C:\Users\Администратор\Desktop\ML\foto\1\2605\1_1_cell_photo_cr.jpg
1,160,164,1_2_cell_photo_cr.jpg,360,360,C:\Users\Администратор\Desktop\ML\foto\1\2605\1_2_cell_photo_cr.jpg
2,125,254,1_2_cell_photo_cr.jpg,360,360,C:\Users\Администратор\Desktop\ML\foto\1\2605\1_2_cell_photo_cr.jpg
3,158,39,1_2_cell_photo_cr.jpg,360,360,C:\Users\Администратор\Desktop\ML\foto\1\2605\1_2_cell_photo_cr.jpg
1,169,160,1_3_cell_photo_cr.jpg,360,360,C:\Users\Администратор\Desktop\ML\foto\1\2605\1_3_cell_photo_cr.jpg
2,353,213,1_3_cell_photo_cr.jpg,360,360,C:\Users\Администратор\Desktop\ML\foto\1\2605\1_3_cell_photo_cr.jpg
3,115,214,1_3_cell_photo_cr.jpg,360,360,C:\Users\Администратор\Desktop\ML\foto\1\2605\1_3_cell_photo_cr.jpg
4,198,212,1_3_cell_photo_cr.jpg,360,360,C:\Users\Администратор\Desktop\ML\foto\1\2605\1_3_cell_photo_cr.jpg
5,9,130,1_3_cell_photo_cr.jpg,360,360,C:\Users\Администратор\Desktop\ML\foto\1\2605\1_3_cell_photo_cr.jpg
1,188,189,1_4_cell_photo_cr.jpg,360,360,C:\Users\Администратор\Desktop\ML\foto\1\2605\1_4_cell_photo_cr.jpg
2,143,348,1_4_cell_photo_cr.jpg,360,360,C:\Users\Администратор\Desktop\ML\foto\1\2605\1_4_cell_photo_cr.jpg
3,216,10,1_4_cell_photo_cr.jpg,360,360,C:\Users\Администратор\Desktop\ML\foto\1\2605\1_4_cell_photo_cr.jpg
4,230,221,1_4_cell_photo_cr.jpg,360,360,C:\Users\Администратор\Desktop\ML\foto\1\2605\1_4_cell_photo_cr.jpg
1,201,138,1_5_cell_photo_cr.jpg,360,360,C:\Users\Администратор\Desktop\ML\foto\1\2605\1_5_cell_photo_cr.jpg
2,268,189,1_5_cell_photo_cr.jpg,360,360,C:\Users\Администратор\Desktop\ML\foto\1\2605\1_5_cell_photo_cr.jpg
3,337,44,1_5_cell_photo_cr.jpg,360,360,C:\Users\Администратор\Desktop\ML\foto\1\2605\1_5_cell_photo_cr.jpg
4,77,274,1_5_cell_photo_cr.jpg,360,360,C:\Users\Администратор\Desktop\ML\foto\1\2605\1_5_cell_photo_cr.jpg
5,122,88,1_5_cell_photo_cr.jpg,360,360,C:\Users\Администратор\Desktop\ML\foto\1\2605\1_5_cell_photo_cr.jpg
6,130,127,1_5_cell_photo_cr.jpg,360,360,C:\Users\Администратор\Desktop\ML\foto\1\2605\1_5_cell_photo_cr.jpg
7,188,47,1_5_cell_photo_cr.jpg,360,360,C:\Users\Администратор\Desktop\ML\foto\1\2605\1_5_cell_photo_cr.jpg
1,148,299,1_6_cell_photo_cr.jpg,360,360,C:\Users\Администратор\Desktop\ML\foto\1\2605\1_6_cell_photo_cr.jpg
2,208,266,1_6_cell_photo_cr.jpg,360,360,C:\Users\Администратор\Desktop\ML\foto\1\2605\1_6_cell_photo_cr.jpg
1,228,154,1_7_cell_photo_cr.jpg,360,360,C:\Users\Администратор\Desktop\ML\foto\1\2605\1_7_cell_photo_cr.jpg
2,148,81,1_7_cell_photo_cr.jpg,360,360,C:\Users\Администратор\Desktop\ML\foto\1\2605\1_7_cell_photo_cr.jpg
3,318,186,1_7_cell_photo_cr.jpg,360,360,C:\Users\Администратор\Desktop\ML\foto\1\2605\1_7_cell_photo_cr.jpg
1,188,169,1_8_cell_photo_cr.jpg,360,360,C:\Users\Администратор\Desktop\ML\foto\1\2605\1_8_cell_photo_cr.jpg
2,77,153,1_8_cell_photo_cr.jpg,360,360,C:\Users\Администратор\Desktop\ML\foto\1\2605\1_8_cell_photo_cr.jpg
3,107,140,1_8_cell_photo_cr.jpg,360,360,C:\Users\Администратор\Desktop\ML\foto\1\2605\1_8_cell_photo_cr.jpg
4,168,118,1_8_cell_photo_cr.jpg,360,360,C:\Users\Администратор\Desktop\ML\foto\1\2605\1_8_cell_photo_cr.jpg
5,263,109,1_8_cell_photo_cr.jpg,360,360,C:\Users\Администратор\Desktop\ML\foto\1\2605\1_8_cell_photo_cr.jpg
6,190,289,1_8_cell_photo_cr.jpg,360,360,C:\Users\Администратор\Desktop\ML\foto\1\2605\1_8_cell_photo_cr.jpg
7,123,212,1_8_cell_photo_cr.jpg,360,360,C:\Users\Администратор\Desktop\ML\foto\1\2605\1_8_cell_photo_cr.jpg
1,181,172,1_9_cell_photo_cr.jpg,360,360,C:\Users\Администратор\Desktop\ML\foto\1\2605\1_9_cell_photo_cr.jpg
2,84,8,1_9_cell_photo_cr.jpg,360,360,C:\Users\Администратор\Desktop\ML\foto\1\2605\1_9_cell_photo_cr.jpg
3,215,109,1_9_cell_photo_cr.jpg,360,360,C:\Users\Администратор\Desktop\ML\foto\1\2605\1_9_cell_photo_cr.jpg
4,340,306,1_9_cell_photo_cr.jpg,360,360,C:\Users\Администратор\Desktop\ML\foto\1\2605\1_9_cell_photo_cr.jpg
5,146,263,1_9_cell_photo_cr.jpg,360,360,C:\Users\Администратор\Desktop\ML\foto\1\2605\1_9_cell_photo_cr.jpg
6,185,233,1_9_cell_photo_cr.jpg,360,360,C:\Users\Администратор\Desktop\ML\foto\1\2605\1_9_cell_photo_cr.jpg
1,102,71,1_10_cell_photo_cr.jpg,360,360,C:\Users\Администратор\Desktop\ML\foto\1\2605\1_10_cell_photo_cr.jpg
1,196,105,1_11_cell_photo_cr.jpg,360,360,C:\Users\Администратор\Desktop\ML\foto\1\2605\1_11_cell_photo_cr.jpg
1,196,167,1_12_cell_photo_cr.jpg,360,360,C:\Users\Администратор\Desktop\ML\foto\1\2605\1_12_cell_photo_cr.jpg
2,250,153,1_12_cell_photo_cr.jpg,360,360,C:\Users\Администратор\Desktop\ML\foto\1\2605\1_12_cell_photo_cr.jpg
3,209,347,1_12_cell_photo_cr.jpg,360,360,C:\Users\Администратор\Desktop\ML\foto\1\2605\1_12_cell_photo_cr.jpg
4,106,1,1_12_cell_photo_cr.jpg,360,360,C:\Users\Администратор\Desktop\ML\foto\1\2605\1_12_cell_photo_cr.jpg
1,219,157,1_13_cell_photo_cr.jpg,360,360,C:\Users\Администратор\Desktop\ML\foto\1\2605\1_13_cell_photo_cr.jpg
2,109,41,1_13_cell_photo_cr.jpg,360,360,C:\Users\Администратор\Desktop\ML\foto\1\2605\1_13_cell_photo_cr.jpg
3,340,118,1_13_cell_photo_cr.jpg,360,360,C:\Users\Администратор\Desktop\ML\foto\1\2605\1_13_cell_photo_cr.jpg
4,209,225,1_13_cell_photo_cr.jpg,360,360,C:\Users\Администратор\Desktop\ML\foto\1\2605\1_13_cell_photo_cr.jpg
5,7,257,1_13_cell_photo_cr.jpg,360,360,C:\Users\Администратор\Desktop\ML\foto\1\2605\1_13_cell_photo_cr.jpg
1,169,187,1_14_cell_photo_cr.jpg,360,360,C:\Users\Администратор\Desktop\ML\foto\1\2605\1_14_cell_photo_cr.jpg
2,164,233,1_14_cell_photo_cr.jpg,360,360,C:\Users\Администратор\Desktop\ML\foto\1\2605\1_14_cell_photo_cr.jpg
3,236,127,1_14_cell_photo_cr.jpg,360,360,C:\Users\Администратор\Desktop\ML\foto\1\2605\1_14_cell_photo_cr.jpg
4,95,147,1_14_cell_photo_cr.jpg,360,360,C:\Users\Администратор\Desktop\ML\foto\1\2605\1_14_cell_photo_cr.jpg
5,208,39,1_14_cell_photo_cr.jpg,360,360,C:\Users\Администратор\Desktop\ML\foto\1\2605\1_14_cell_photo_cr.jpg
6,163,4,1_14_cell_photo_cr.jpg,360,360,C:\Users\Администратор\Desktop\ML\foto\1\2605\1_14_cell_photo_cr.jpg
7,353,232,1_14_cell_photo_cr.jpg,360,360,C:\Users\Администратор\Desktop\ML\foto\1\2605\1_14_cell_photo_cr.jpg
8,5,203,1_14_cell_photo_cr.jpg,360,360,C:\Users\Администратор\Desktop\ML\foto\1\2605\1_14_cell_photo_cr.jpg
1,181,158,1_15_cell_photo_cr.jpg,360,360,C:\Users\Администратор\Desktop\ML\foto\1\2605\1_15_cell_photo_cr.jpg
1,159,125,1_16_cell_photo_cr.jpg,360,360,C:\Users\Администратор\Desktop\ML\foto\1\2605\1_16_cell_photo_cr.jpg
2,153,239,1_16_cell_photo_cr.jpg,360,360,C:\Users\Администратор\Desktop\ML\foto\1\2605\1_16_cell_photo_cr.jpg
3,303,190,1_16_cell_photo_cr.jpg,360,360,C:\Users\Администратор\Desktop\ML\foto\1\2605\1_16_cell_photo_cr.jpg
4,330,301,1_16_cell_photo_cr.jpg,360,360,C:\Users\Администратор\Desktop\ML\foto\1\2605\1_16_cell_photo_cr.jpg
5,352,36,1_16_cell_photo_cr.jpg,360,360,C:\Users\Администратор\Desktop\ML\foto\1\2605\1_16_cell_photo_cr.jpg
6,10,295,1_16_cell_photo_cr.jpg,360,360,C:\Users\Администратор\Desktop\ML\foto\1\2605\1_16_cell_photo_cr.jpg
1,193,168,1_17_cell_photo_cr.jpg,360,360,C:\Users\Администратор\Desktop\ML\foto\1\2605\1_17_cell_photo_cr.jpg
1,201,135,1_18_cell_photo_cr.jpg,360,360,C:\Users\Администратор\Desktop\ML\foto\1\2605\1_18_cell_photo_cr.jpg
2,248,302,1_18_cell_photo_cr.jpg,360,360,C:\Users\Администратор\Desktop\ML\foto\1\2605\1_18_cell_photo_cr.jpg
3,260,188,1_18_cell_photo_cr.jpg,360,360,C:\Users\Администратор\Desktop\ML\foto\1\2605\1_18_cell_photo_cr.jpg
4,354,41,1_18_cell_photo_cr.jpg,360,360,C:\Users\Администратор\Desktop\ML\foto\1\2605\1_18_cell_photo_cr.jpg
5,10,284,1_18_cell_photo_cr.jpg,360,360,C:\Users\Администратор\Desktop\ML\foto\1\2605\1_18_cell_photo_cr.jpg
1,179,170,1_19_cell_photo_cr.jpg,360,360,C:\Users\Администратор\Desktop\ML\foto\1\2605\1_19_cell_photo_cr.jpg
1,215,208,1_20_cell_photo_cr.jpg,360,360,C:\Users\Администратор\Desktop\ML\foto\1\2605\1_20_cell_photo_cr.jpg
2,80,158,1_20_cell_photo_cr.jpg,360,360,C:\Users\Администратор\Desktop\ML\foto\1\2605\1_20_cell_photo_cr.jpg
3,330,319,1_20_cell_photo_cr.jpg,360,360,C:\Users\Администратор\Desktop\ML\foto\1\2605\1_20_cell_photo_cr.jpg
1,173,203,1_21_cell_photo_cr.jpg,360,360,C:\Users\Администратор\Desktop\ML\foto\1\2605\1_21_cell_photo_cr.jpg
2,42,214,1_21_cell_photo_cr.jpg,360,360,C:\Users\Администратор\Desktop\ML\foto\1\2605\1_21_cell_photo_cr.jpg
3,315,279,1_21_cell_photo_cr.jpg,360,360,C:\Users\Администратор\Desktop\ML\foto\1\2605\1_21_cell_photo_cr.jpg
1,210,180,1_22_cell_photo_cr.jpg,360,360,C:\Users\Администратор\Desktop\ML\foto\1\2605\1_22_cell_photo_cr.jpg
2,90,194,1_22_cell_photo_cr.jpg,360,360,C:\Users\Администратор\Desktop\ML\foto\1\2605\1_22_cell_photo_cr.jpg
3,119,354,1_22_cell_photo_cr.jpg,360,360,C:\Users\Администратор\Desktop\ML\foto\1\2605\1_22_cell_photo_cr.jpg
4,355,203,1_22_cell_photo_cr.jpg,360,360,C:\Users\Администратор\Desktop\ML\foto\1\2605\1_22_cell_photo_cr.jpg
5,215,136,1_22_cell_photo_cr.jpg,360,360,C:\Users\Администратор\Desktop\ML\foto\1\2605\1_22_cell_photo_cr.jpg
6,145,8,1_22_cell_photo_cr.jpg,360,360,C:\Users\Администратор\Desktop\ML\foto\1\2605\1_22_cell_photo_cr.jpg
7,170,274,1_22_cell_photo_cr.jpg,360,360,C:\Users\Администратор\Desktop\ML\foto\1\2605\1_22_cell_photo_cr.jpg
1,175,128,1_23_cell_photo_cr.jpg,360,360,C:\Users\Администратор\Desktop\ML\foto\1\2605\1_23_cell_photo_cr.jpg
2,236,140,1_23_cell_photo_cr.jpg,360,360,C:\Users\Администратор\Desktop\ML\foto\1\2605\1_23_cell_photo_cr.jpg
3,201,108,1_23_cell_photo_cr.jpg,360,360,C:\Users\Администратор\Desktop\ML\foto\1\2605\1_23_cell_photo_cr.jpg
4,119,95,1_23_cell_photo_cr.jpg,360,360,C:\Users\Администратор\Desktop\ML\foto\1\2605\1_23_cell_photo_cr.jpg
1,161,93,1_24_cell_photo_cr.jpg,360,360,C:\Users\Администратор\Desktop\ML\foto\1\2605\1_24_cell_photo_cr.jpg
2,165,170,1_24_cell_photo_cr.jpg,360,360,C:\Users\Администратор\Desktop\ML\foto\1\2605\1_24_cell_photo_cr.jpg
3,135,66,1_24_cell_photo_cr.jpg,360,360,C:\Users\Администратор\Desktop\ML\foto\1\2605\1_24_cell_photo_cr.jpg
1,211,165,1_25_cell_photo_cr.jpg,360,360,C:\Users\Администратор\Desktop\ML\foto\1\2605\1_25_cell_photo_cr.jpg
2,275,33,1_25_cell_photo_cr.jpg,360,360,C:\Users\Администратор\Desktop\ML\foto\1\2605\1_25_cell_photo_cr.jpg
3,146,258,1_25_cell_photo_cr.jpg,360,360,C:\Users\Администратор\Desktop\ML\foto\1\2605\1_25_cell_photo_cr.jpg
4,3,106,1_25_cell_photo_cr.jpg,360,360,C:\Users\Администратор\Desktop\ML\foto\1\2605\1_25_cell_photo_cr.jpg
5,132,357,1_25_cell_photo_cr.jpg,360,360,C:\Users\Администратор\Desktop\ML\foto\1\2605\1_25_cell_photo_cr.jpg
6,213,334,1_25_cell_photo_cr.jpg,360,360,C:\Users\Администратор\Desktop\ML\foto\1\2605\1_25_cell_photo_cr.jpg
7,356,224,1_25_cell_photo_cr.jpg,360,360,C:\Users\Администратор\Desktop\ML\foto\1\2605\1_25_cell_photo_cr.jpg
1,199,159,1_26_cell_photo_cr.jpg,360,360,C:\Users\Администратор\Desktop\ML\foto\1\2605\1_26_cell_photo_cr.jpg
2,170,118,1_26_cell_photo_cr.jpg,360,360,C:\Users\Администратор\Desktop\ML\foto\1\2605\1_26_cell_photo_cr.jpg
3,235,139,1_26_cell_photo_cr.jpg,360,360,C:\Users\Администратор\Desktop\ML\foto\1\2605\1_26_cell_photo_cr.jpg
4,195,208,1_26_cell_photo_cr.jpg,360,360,C:\Users\Администратор\Desktop\ML\foto\1\2605\1_26_cell_photo_cr.jpg
5,270,352,1_26_cell_photo_cr.jpg,360,360,C:\Users\Администратор\Desktop\ML\foto\1\2605\1_26_cell_photo_cr.jpg
6,125,2,1_26_cell_photo_cr.jpg,360,360,C:\Users\Администратор\Desktop\ML\foto\1\2605\1_26_cell_photo_cr.jpg
1,225,162,1_27_cell_photo_cr.jpg,360,360,C:\Users\Администратор\Desktop\ML\foto\1\2605\1_27_cell_photo_cr.jpg
2,280,172,1_27_cell_photo_cr.jpg,360,360,C:\Users\Администратор\Desktop\ML\foto\1\2605\1_27_cell_photo_cr.jpg
3,320,351,1_27_cell_photo_cr.jpg,360,360,C:\Users\Администратор\Desktop\ML\foto\1\2605\1_27_cell_photo_cr.jpg
4,156,3,1_27_cell_photo_cr.jpg,360,360,C:\Users\Администратор\Desktop\ML\foto\1\2605\1_27_cell_photo_cr.jpg
5,157,230,1_27_cell_photo_cr.jpg,360,360,C:\Users\Администратор\Desktop\ML\foto\1\2605\1_27_cell_photo_cr.jpg
6,37,191,1_27_cell_photo_cr.jpg,360,360,C:\Users\Администратор\Desktop\ML\foto\1\2605\1_27_cell_photo_cr.jpg
7,6,136,1_27_cell_photo_cr.jpg,360,360,C:\Users\Администратор\Desktop\ML\foto\1\2605\1_27_cell_photo_cr.jpg
1,195,159,1_28_cell_photo_cr.jpg,360,360,C:\Users\Администратор\Desktop\ML\foto\1\2605\1_28_cell_photo_cr.jpg
2,67,274,1_28_cell_photo_cr.jpg,360,360,C:\Users\Администратор\Desktop\ML\foto\1\2605\1_28_cell_photo_cr.jpg
3,94,160,1_28_cell_photo_cr.jpg,360,360,C:\Users\Администратор\Desktop\ML\foto\1\2605\1_28_cell_photo_cr.jpg
4,248,163,1_28_cell_photo_cr.jpg,360,360,C:\Users\Администратор\Desktop\ML\foto\1\2605\1_28_cell_photo_cr.jpg
5,223,354,1_28_cell_photo_cr.jpg,360,360,C:\Users\Администратор\Desktop\ML\foto\1\2605\1_28_cell_photo_cr.jpg
6,189,5,1_28_cell_photo_cr.jpg,360,360,C:\Users\Администратор\Desktop\ML\foto\1\2605\1_28_cell_photo_cr.jpg
1,176,198,1_29_cell_photo_cr.jpg,360,360,C:\Users\Администратор\Desktop\ML\foto\1\2605\1_29_cell_photo_cr.jpg
1,193,172,1_30_cell_photo_cr.jpg,360,360,C:\Users\Администратор\Desktop\ML\foto\1\2605\1_30_cell_photo_cr.jpg
1,195,154,1_31_cell_photo_cr.jpg,360,360,C:\Users\Администратор\Desktop\ML\foto\1\2605\1_31_cell_photo_cr.jpg
2,16,5,1_31_cell_photo_cr.jpg,360,360,C:\Users\Администратор\Desktop\ML\foto\1\2605\1_31_cell_photo_cr.jpg
3,233,352,1_31_cell_photo_cr.jpg,360,360,C:\Users\Администратор\Desktop\ML\foto\1\2605\1_31_cell_photo_cr.jpg
1,170,202,1_32_cell_photo_cr.jpg,360,360,C:\Users\Администратор\Desktop\ML\foto\1\2605\1_32_cell_photo_cr.jpg
2,125,185,1_32_cell_photo_cr.jpg,360,360,C:\Users\Администратор\Desktop\ML\foto\1\2605\1_32_cell_photo_cr.jpg
3,188,285,1_32_cell_photo_cr.jpg,360,360,C:\Users\Администратор\Desktop\ML\foto\1\2605\1_32_cell_photo_cr.jpg
1,188,122,1_33_cell_photo_cr.jpg,360,360,C:\Users\Администратор\Desktop\ML\foto\1\2605\1_33_cell_photo_cr.jpg
2,198,198,1_33_cell_photo_cr.jpg,360,360,C:\Users\Администратор\Desktop\ML\foto\1\2605\1_33_cell_photo_cr.jpg
3,218,159,1_33_cell_photo_cr.jpg,360,360,C:\Users\Администратор\Desktop\ML\foto\1\2605\1_33_cell_photo_cr.jpg
4,354,44,1_33_cell_photo_cr.jpg,360,360,C:\Users\Администратор\Desktop\ML\foto\1\2605\1_33_cell_photo_cr.jpg
5,6,160,1_33_cell_photo_cr.jpg,360,360,C:\Users\Администратор\Desktop\ML\foto\1\2605\1_33_cell_photo_cr.jpg
1,209,152,1_34_cell_photo_cr.jpg,360,360,C:\Users\Администратор\Desktop\ML\foto\1\2605\1_34_cell_photo_cr.jpg
2,224,86,1_34_cell_photo_cr.jpg,360,360,C:\Users\Администратор\Desktop\ML\foto\1\2605\1_34_cell_photo_cr.jpg
3,348,70,1_34_cell_photo_cr.jpg,360,360,C:\Users\Администратор\Desktop\ML\foto\1\2605\1_34_cell_photo_cr.jpg
4,131,117,1_34_cell_photo_cr.jpg,360,360,C:\Users\Администратор\Desktop\ML\foto\1\2605\1_34_cell_photo_cr.jpg
5,106,239,1_34_cell_photo_cr.jpg,360,360,C:\Users\Администратор\Desktop\ML\foto\1\2605\1_34_cell_photo_cr.jpg
1,180,161,1_35_cell_photo_cr.jpg,360,360,C:\Users\Администратор\Desktop\ML\foto\1\2605\1_35_cell_photo_cr.jpg
1,195,198,1_36_cell_photo_cr.jpg,360,360,C:\Users\Администратор\Desktop\ML\foto\1\2605\1_36_cell_photo_cr.jpg
2,148,233,1_36_cell_photo_cr.jpg,360,360,C:\Users\Администратор\Desktop\ML\foto\1\2605\1_36_cell_photo_cr.jpg
3,2,131,1_36_cell_photo_cr.jpg,360,360,C:\Users\Администратор\Desktop\ML\foto\1\2605\1_36_cell_photo_cr.jpg
4,355,245,1_36_cell_photo_cr.jpg,360,360,C:\Users\Администратор\Desktop\ML\foto\1\2605\1_36_cell_photo_cr.jpg
5,331,9,1_36_cell_photo_cr.jpg,360,360,C:\Users\Администратор\Desktop\ML\foto\1\2605\1_36_cell_photo_cr.jpg
6,183,95,1_36_cell_photo_cr.jpg,360,360,C:\Users\Администратор\Desktop\ML\foto\1\2605\1_36_cell_photo_cr.jpg
7,312,153,1_36_cell_photo_cr.jpg,360,360,C:\Users\Администратор\Desktop\ML\foto\1\2605\1_36_cell_photo_cr.jpg
1,201,147,1_37_cell_photo_cr.jpg,360,360,C:\Users\Администратор\Desktop\ML\foto\1\2605\1_37_cell_photo_cr.jpg
2,215,262,1_37_cell_photo_cr.jpg,360,360,C:\Users\Администратор\Desktop\ML\foto\1\2605\1_37_cell_photo_cr.jpg
3,353,187,1_37_cell_photo_cr.jpg,360,360,C:\Users\Администратор\Desktop\ML\foto\1\2605\1_37_cell_photo_cr.jpg
4,241,102,1_37_cell_photo_cr.jpg,360,360,C:\Users\Администратор\Desktop\ML\foto\1\2605\1_37_cell_photo_cr.jpg
5,265,45,1_37_cell_photo_cr.jpg,360,360,C:\Users\Администратор\Desktop\ML\foto\1\2605\1_37_cell_photo_cr.jpg
6,210,5,1_37_cell_photo_cr.jpg,360,360,C:\Users\Администратор\Desktop\ML\foto\1\2605\1_37_cell_photo_cr.jpg
7,143,9,1_37_cell_photo_cr.jpg,360,360,C:\Users\Администратор\Desktop\ML\foto\1\2605\1_37_cell_photo_cr.jpg
8,10,89,1_37_cell_photo_cr.jpg,360,360,C:\Users\Администратор\Desktop\ML\foto\1\2605\1_37_cell_photo_cr.jpg
1,203,174,1_38_cell_photo_cr.jpg,360,360,C:\Users\Администратор\Desktop\ML\foto\1\2605\1_38_cell_photo_cr.jpg
2,226,263,1_38_cell_photo_cr.jpg,360,360,C:\Users\Администратор\Desktop\ML\foto\1\2605\1_38_cell_photo_cr.jpg
3,259,71,1_38_cell_photo_cr.jpg,360,360,C:\Users\Администратор\Desktop\ML\foto\1\2605\1_38_cell_photo_cr.jpg
1,177,171,1_39_cell_photo_cr.jpg,360,360,C:\Users\Администратор\Desktop\ML\foto\1\2605\1_39_cell_photo_cr.jpg
1,217,163,1_40_cell_photo_cr.jpg,360,360,C:\Users\Администратор\Desktop\ML\foto\1\2605\1_40_cell_photo_cr.jpg
2,22,206,1_40_cell_photo_cr.jpg,360,360,C:\Users\Администратор\Desktop\ML\foto\1\2605\1_40_cell_photo_cr.jpg
3,143,347,1_40_cell_photo_cr.jpg,360,360,C:\Users\Администратор\Desktop\ML\foto\1\2605\1_40_cell_photo_cr.jpg
4,146,6,1_40_cell_photo_cr.jpg,360,360,C:\Users\Администратор\Desktop\ML\foto\1\2605\1_40_cell_photo_cr.jpg
5,80,160,1_40_cell_photo_cr.jpg,360,360,C:\Users\Администратор\Desktop\ML\foto\1\2605\1_40_cell_photo_cr.jpg
6,180,217,1_40_cell_photo_cr.jpg,360,360,C:\Users\Администратор\Desktop\ML\foto\1\2605\1_40_cell_photo_cr.jpg
1,213,171,1_41_cell_photo_cr.jpg,360,360,C:\Users\Администратор\Desktop\ML\foto\1\2605\1_41_cell_photo_cr.jpg
2,181,129,1_41_cell_photo_cr.jpg,360,360,C:\Users\Администратор\Desktop\ML\foto\1\2605\1_41_cell_photo_cr.jpg
3,35,116,1_41_cell_photo_cr.jpg,360,360,C:\Users\Администратор\Desktop\ML\foto\1\2605\1_41_cell_photo_cr.jpg
4,127,261,1_41_cell_photo_cr.jpg,360,360,C:\Users\Администратор\Desktop\ML\foto\1\2605\1_41_cell_photo_cr.jpg
5,290,354,1_41_cell_photo_cr.jpg,360,360,C:\Users\Администратор\Desktop\ML\foto\1\2605\1_41_cell_photo_cr.jpg
1,173,119,1_42_cell_photo_cr.jpg,360,360,C:\Users\Администратор\Desktop\ML\foto\1\2605\1_42_cell_photo_cr.jpg
2,123,96,1_42_cell_photo_cr.jpg,360,360,C:\Users\Администратор\Desktop\ML\foto\1\2605\1_42_cell_photo_cr.jpg
3,282,354,1_42_cell_photo_cr.jpg,360,360,C:\Users\Администратор\Desktop\ML\foto\1\2605\1_42_cell_photo_cr.jpg
4,323,266,1_42_cell_photo_cr.jpg,360,360,C:\Users\Администратор\Desktop\ML\foto\1\2605\1_42_cell_photo_cr.jpg
5,159,333,1_42_cell_photo_cr.jpg,360,360,C:\Users\Администратор\Desktop\ML\foto\1\2605\1_42_cell_photo_cr.jpg
6,332,3,1_42_cell_photo_cr.jpg,360,360,C:\Users\Администратор\Desktop\ML\foto\1\2605\1_42_cell_photo_cr.jpg
7,12,353,1_42_cell_photo_cr.jpg,360,360,C:\Users\Администратор\Desktop\ML\foto\1\2605\1_42_cell_photo_cr.jpg
1,195,235,1_43_cell_photo_cr.jpg,360,360,C:\Users\Администратор\Desktop\ML\foto\1\2605\1_43_cell_photo_cr.jpg
2,180,291,1_43_cell_photo_cr.jpg,360,360,C:\Users\Администратор\Desktop\ML\foto\1\2605\1_43_cell_photo_cr.jpg
3,353,260,1_43_cell_photo_cr.jpg,360,360,C:\Users\Администратор\Desktop\ML\foto\1\2605\1_43_cell_photo_cr.jpg
4,15,164,1_43_cell_photo_cr.jpg,360,360,C:\Users\Администратор\Desktop\ML\foto\1\2605\1_43_cell_photo_cr.jpg
5,96,153,1_43_cell_photo_cr.jpg,360,360,C:\Users\Администратор\Desktop\ML\foto\1\2605\1_43_cell_photo_cr.jpg
6,65,232,1_43_cell_photo_cr.jpg,360,360,C:\Users\Администратор\Desktop\ML\foto\1\2605\1_43_cell_photo_cr.jpg
7,4,296,1_43_cell_photo_cr.jpg,360,360,C:\Users\Администратор\Desktop\ML\foto\1\2605\1_43_cell_photo_cr.jpg
1,190,159,1_44_cell_photo_cr.jpg,360,360,C:\Users\Администратор\Desktop\ML\foto\1\2605\1_44_cell_photo_cr.jpg
2,279,339,1_44_cell_photo_cr.jpg,360,360,C:\Users\Администратор\Desktop\ML\foto\1\2605\1_44_cell_photo_cr.jpg
3,250,59,1_44_cell_photo_cr.jpg,360,360,C:\Users\Администратор\Desktop\ML\foto\1\2605\1_44_cell_photo_cr.jpg
4,4,74,1_44_cell_photo_cr.jpg,360,360,C:\Users\Администратор\Desktop\ML\foto\1\2605\1_44_cell_photo_cr.jpg
5,270,113,1_44_cell_photo_cr.jpg,360,360,C:\Users\Администратор\Desktop\ML\foto\1\2605\1_44_cell_photo_cr.jpg
1,164,165,1_45_cell_photo_cr.jpg,360,360,C:\Users\Администратор\Desktop\ML\foto\1\2605\1_45_cell_photo_cr.jpg
1,181,176,1_46_cell_photo_cr.jpg,360,360,C:\Users\Администратор\Desktop\ML\foto\1\2605\1_46_cell_photo_cr.jpg
1,163,208,1_47_cell_photo_cr.jpg,360,360,C:\Users\Администратор\Desktop\ML\foto\1\2605\1_47_cell_photo_cr.jpg
2,77,183,1_47_cell_photo_cr.jpg,360,360,C:\Users\Администратор\Desktop\ML\foto\1\2605\1_47_cell_photo_cr.jpg
3,167,333,1_47_cell_photo_cr.jpg,360,360,C:\Users\Администратор\Desktop\ML\foto\1\2605\1_47_cell_photo_cr.jpg
4,98,254,1_47_cell_photo_cr.jpg,360,360,C:\Users\Администратор\Desktop\ML\foto\1\2605\1_47_cell_photo_cr.jpg
5,340,272,1_47_cell_photo_cr.jpg,360,360,C:\Users\Администратор\Desktop\ML\foto\1\2605\1_47_cell_photo_cr.jpg
1,191,157,1_48_cell_photo_cr.jpg,360,360,C:\Users\Администратор\Desktop\ML\foto\1\2605\1_48_cell_photo_cr.jpg
2,251,354,1_48_cell_photo_cr.jpg,360,360,C:\Users\Администратор\Desktop\ML\foto\1\2605\1_48_cell_photo_cr.jpg
3,15,177,1_48_cell_photo_cr.jpg,360,360,C:\Users\Администратор\Desktop\ML\foto\1\2605\1_48_cell_photo_cr.jpg
4,98,249,1_48_cell_photo_cr.jpg,360,360,C:\Users\Администратор\Desktop\ML\foto\1\2605\1_48_cell_photo_cr.jpg
5,223,7,1_48_cell_photo_cr.jpg,360,360,C:\Users\Администратор\Desktop\ML\foto\1\2605\1_48_cell_photo_cr.jpg
1,193,182,1_49_cell_photo_cr.jpg,360,360,C:\Users\Администратор\Desktop\ML\foto\1\2605\1_49_cell_photo_cr.jpg
1,230,226,1_50_cell_photo_cr.jpg,360,360,C:\Users\Администратор\Desktop\ML\foto\1\2605\1_50_cell_photo_cr.jpg
2,350,152,1_50_cell_photo_cr.jpg,360,360,C:\Users\Администратор\Desktop\ML\foto\1\2605\1_50_cell_photo_cr.jpg
3,148,356,1_50_cell_photo_cr.jpg,360,360,C:\Users\Администратор\Desktop\ML\foto\1\2605\1_50_cell_photo_cr.jpg
1,205,129,1_1_cell_photo_cr.jpg,360,360,C:\Users\Администратор\Desktop\ML\foto\1\2905\1_1_cell_photo_cr.jpg
2,307,202,1_1_cell_photo_cr.jpg,360,360,C:\Users\Администратор\Desktop\ML\foto\1\2905\1_1_cell_photo_cr.jpg
3,149,8,1_1_cell_photo_cr.jpg,360,360,C:\Users\Администратор\Desktop\ML\foto\1\2905\1_1_cell_photo_cr.jpg
1,123,143,1_2_cell_photo_cr.jpg,360,360,C:\Users\Администратор\Desktop\ML\foto\1\2905\1_2_cell_photo_cr.jpg
2,102,88,1_2_cell_photo_cr.jpg,360,360,C:\Users\Администратор\Desktop\ML\foto\1\2905\1_2_cell_photo_cr.jpg
3,64,155,1_2_cell_photo_cr.jpg,360,360,C:\Users\Администратор\Desktop\ML\foto\1\2905\1_2_cell_photo_cr.jpg
1,163,184,1_3_cell_photo_cr.jpg,360,360,C:\Users\Администратор\Desktop\ML\foto\1\2905\1_3_cell_photo_cr.jpg
2,185,152,1_3_cell_photo_cr.jpg,360,360,C:\Users\Администратор\Desktop\ML\foto\1\2905\1_3_cell_photo_cr.jpg
3,347,224,1_3_cell_photo_cr.jpg,360,360,C:\Users\Администратор\Desktop\ML\foto\1\2905\1_3_cell_photo_cr.jpg
4,191,254,1_3_cell_photo_cr.jpg,360,360,C:\Users\Администратор\Desktop\ML\foto\1\2905\1_3_cell_photo_cr.jpg
5,102,269,1_3_cell_photo_cr.jpg,360,360,C:\Users\Администратор\Desktop\ML\foto\1\2905\1_3_cell_photo_cr.jpg
6,28,201,1_3_cell_photo_cr.jpg,360,360,C:\Users\Администратор\Desktop\ML\foto\1\2905\1_3_cell_photo_cr.jpg
1,165,172,1_4_cell_photo_cr.jpg,360,360,C:\Users\Администратор\Desktop\ML\foto\1\2905\1_4_cell_photo_cr.jpg
2,251,240,1_4_cell_photo_cr.jpg,360,360,C:\Users\Администратор\Desktop\ML\foto\1\2905\1_4_cell_photo_cr.jpg
3,200,9,1_4_cell_photo_cr.jpg,360,360,C:\Users\Администратор\Desktop\ML\foto\1\2905\1_4_cell_photo_cr.jpg
4,118,349,1_4_cell_photo_cr.jpg,360,360,C:\Users\Администратор\Desktop\ML\foto\1\2905\1_4_cell_photo_cr.jpg
1,184,182,1_5_cell_photo_cr.jpg,360,360,C:\Users\Администратор\Desktop\ML\foto\1\2905\1_5_cell_photo_cr.jpg
2,333,119,1_5_cell_photo_cr.jpg,360,360,C:\Users\Администратор\Desktop\ML\foto\1\2905\1_5_cell_photo_cr.jpg
3,265,185,1_5_cell_photo_cr.jpg,360,360,C:\Users\Администратор\Desktop\ML\foto\1\2905\1_5_cell_photo_cr.jpg
4,174,231,1_5_cell_photo_cr.jpg,360,360,C:\Users\Администратор\Desktop\ML\foto\1\2905\1_5_cell_photo_cr.jpg
5,288,249,1_5_cell_photo_cr.jpg,360,360,C:\Users\Администратор\Desktop\ML\foto\1\2905\1_5_cell_photo_cr.jpg
6,37,314,1_5_cell_photo_cr.jpg,360,360,C:\Users\Администратор\Desktop\ML\foto\1\2905\1_5_cell_photo_cr.jpg
7,111,133,1_5_cell_photo_cr.jpg,360,360,C:\Users\Администратор\Desktop\ML\foto\1\2905\1_5_cell_photo_cr.jpg
8,123,182,1_5_cell_photo_cr.jpg,360,360,C:\Users\Администратор\Desktop\ML\foto\1\2905\1_5_cell_photo_cr.jpg
9,191,82,1_5_cell_photo_cr.jpg,360,360,C:\Users\Администратор\Desktop\ML\foto\1\2905\1_5_cell_photo_cr.jpg
1,200,239,1_6_cell_photo_cr.jpg,360,360,C:\Users\Администратор\Desktop\ML\foto\1\2905\1_6_cell_photo_cr.jpg
2,260,202,1_6_cell_photo_cr.jpg,360,360,C:\Users\Администратор\Desktop\ML\foto\1\2905\1_6_cell_photo_cr.jpg
1,185,148,1_7_cell_photo_cr.jpg,360,360,C:\Users\Администратор\Desktop\ML\foto\1\2905\1_7_cell_photo_cr.jpg
2,118,69,1_7_cell_photo_cr.jpg,360,360,C:\Users\Администратор\Desktop\ML\foto\1\2905\1_7_cell_photo_cr.jpg
3,300,180,1_7_cell_photo_cr.jpg,360,360,C:\Users\Администратор\Desktop\ML\foto\1\2905\1_7_cell_photo_cr.jpg
1,161,182,1_8_cell_photo_cr.jpg,360,360,C:\Users\Администратор\Desktop\ML\foto\1\2905\1_8_cell_photo_cr.jpg
1,213,197,1_9_cell_photo_cr.jpg,360,360,C:\Users\Администратор\Desktop\ML\foto\1\2905\1_9_cell_photo_cr.jpg
2,106,34,1_9_cell_photo_cr.jpg,360,360,C:\Users\Администратор\Desktop\ML\foto\1\2905\1_9_cell_photo_cr.jpg
3,102,185,1_9_cell_photo_cr.jpg,360,360,C:\Users\Администратор\Desktop\ML\foto\1\2905\1_9_cell_photo_cr.jpg
4,123,249,1_9_cell_photo_cr.jpg,360,360,C:\Users\Администратор\Desktop\ML\foto\1\2905\1_9_cell_photo_cr.jpg
5,198,302,1_9_cell_photo_cr.jpg,360,360,C:\Users\Администратор\Desktop\ML\foto\1\2905\1_9_cell_photo_cr.jpg
6,228,297,1_9_cell_photo_cr.jpg,360,360,C:\Users\Администратор\Desktop\ML\foto\1\2905\1_9_cell_photo_cr.jpg
7,354,259,1_9_cell_photo_cr.jpg,360,360,C:\Users\Администратор\Desktop\ML\foto\1\2905\1_9_cell_photo_cr.jpg
8,257,129,1_9_cell_photo_cr.jpg,360,360,C:\Users\Администратор\Desktop\ML\foto\1\2905\1_9_cell_photo_cr.jpg
1,195,159,1_10_cell_photo_cr.jpg,360,360,C:\Users\Администратор\Desktop\ML\foto\1\2905\1_10_cell_photo_cr.jpg
1,183,153,1_11_cell_photo_cr.jpg,360,360,C:\Users\Администратор\Desktop\ML\foto\1\2905\1_11_cell_photo_cr.jpg
1,215,185,1_12_cell_photo_cr.jpg,360,360,C:\Users\Администратор\Desktop\ML\foto\1\2905\1_12_cell_photo_cr.jpg
2,215,235,1_12_cell_photo_cr.jpg,360,360,C:\Users\Администратор\Desktop\ML\foto\1\2905\1_12_cell_photo_cr.jpg
3,283,194,1_12_cell_photo_cr.jpg,360,360,C:\Users\Администратор\Desktop\ML\foto\1\2905\1_12_cell_photo_cr.jpg
4,149,6,1_12_cell_photo_cr.jpg,360,360,C:\Users\Администратор\Desktop\ML\foto\1\2905\1_12_cell_photo_cr.jpg
1,170,179,1_13_cell_photo_cr.jpg,360,360,C:\Users\Администратор\Desktop\ML\foto\1\2905\1_13_cell_photo_cr.jpg
1,172,209,1_14_cell_photo_cr.jpg,360,360,C:\Users\Администратор\Desktop\ML\foto\1\2905\1_14_cell_photo_cr.jpg
2,193,267,1_14_cell_photo_cr.jpg,360,360,C:\Users\Администратор\Desktop\ML\foto\1\2905\1_14_cell_photo_cr.jpg
3,7,229,1_14_cell_photo_cr.jpg,360,360,C:\Users\Администратор\Desktop\ML\foto\1\2905\1_14_cell_photo_cr.jpg
4,345,217,1_14_cell_photo_cr.jpg,360,360,C:\Users\Администратор\Desktop\ML\foto\1\2905\1_14_cell_photo_cr.jpg
5,278,113,1_14_cell_photo_cr.jpg,360,360,C:\Users\Администратор\Desktop\ML\foto\1\2905\1_14_cell_photo_cr.jpg
6,220,6,1_14_cell_photo_cr.jpg,360,360,C:\Users\Администратор\Desktop\ML\foto\1\2905\1_14_cell_photo_cr.jpg
7,110,135,1_14_cell_photo_cr.jpg,360,360,C:\Users\Администратор\Desktop\ML\foto\1\2905\1_14_cell_photo_cr.jpg
1,168,195,1_15_cell_photo_cr.jpg,360,360,C:\Users\Администратор\Desktop\ML\foto\1\2905\1_15_cell_photo_cr.jpg
2,143,86,1_15_cell_photo_cr.jpg,360,360,C:\Users\Администратор\Desktop\ML\foto\1\2905\1_15_cell_photo_cr.jpg
3,339,123,1_15_cell_photo_cr.jpg,360,360,C:\Users\Администратор\Desktop\ML\foto\1\2905\1_15_cell_photo_cr.jpg
4,215,262,1_15_cell_photo_cr.jpg,360,360,C:\Users\Администратор\Desktop\ML\foto\1\2905\1_15_cell_photo_cr.jpg
5,61,255,1_15_cell_photo_cr.jpg,360,360,C:\Users\Администратор\Desktop\ML\foto\1\2905\1_15_cell_photo_cr.jpg
6,190,150,1_15_cell_photo_cr.jpg,360,360,C:\Users\Администратор\Desktop\ML\foto\1\2905\1_15_cell_photo_cr.jpg
1,129,110,1_16_cell_photo_cr.jpg,360,360,C:\Users\Администратор\Desktop\ML\foto\1\2905\1_16_cell_photo_cr.jpg
2,215,127,1_16_cell_photo_cr.jpg,360,360,C:\Users\Администратор\Desktop\ML\foto\1\2905\1_16_cell_photo_cr.jpg
3,115,250,1_16_cell_photo_cr.jpg,360,360,C:\Users\Администратор\Desktop\ML\foto\1\2905\1_16_cell_photo_cr.jpg
4,290,213,1_16_cell_photo_cr.jpg,360,360,C:\Users\Администратор\Desktop\ML\foto\1\2905\1_16_cell_photo_cr.jpg
5,205,299,1_16_cell_photo_cr.jpg,360,360,C:\Users\Администратор\Desktop\ML\foto\1\2905\1_16_cell_photo_cr.jpg
6,311,337,1_16_cell_photo_cr.jpg,360,360,C:\Users\Администратор\Desktop\ML\foto\1\2905\1_16_cell_photo_cr.jpg
7,355,16,1_16_cell_photo_cr.jpg,360,360,C:\Users\Администратор\Desktop\ML\foto\1\2905\1_16_cell_photo_cr.jpg
8,10,247,1_16_cell_photo_cr.jpg,360,360,C:\Users\Администратор\Desktop\ML\foto\1\2905\1_16_cell_photo_cr.jpg
1,180,158,1_17_cell_photo_cr.jpg,360,360,C:\Users\Администратор\Desktop\ML\foto\1\2905\1_17_cell_photo_cr.jpg
1,171,169,1_18_cell_photo_cr.jpg,360,360,C:\Users\Администратор\Desktop\ML\foto\1\2905\1_18_cell_photo_cr.jpg
2,325,257,1_18_cell_photo_cr.jpg,360,360,C:\Users\Администратор\Desktop\ML\foto\1\2905\1_18_cell_photo_cr.jpg
3,354,1,1_18_cell_photo_cr.jpg,360,360,C:\Users\Администратор\Desktop\ML\foto\1\2905\1_18_cell_photo_cr.jpg
4,12,313,1_18_cell_photo_cr.jpg,360,360,C:\Users\Администратор\Desktop\ML\foto\1\2905\1_18_cell_photo_cr.jpg
5,258,235,1_18_cell_photo_cr.jpg,360,360,C:\Users\Администратор\Desktop\ML\foto\1\2905\1_18_cell_photo_cr.jpg
1,210,136,1_19_cell_photo_cr.jpg,360,360,C:\Users\Администратор\Desktop\ML\foto\1\2905\1_19_cell_photo_cr.jpg
2,138,301,1_19_cell_photo_cr.jpg,360,360,C:\Users\Администратор\Desktop\ML\foto\1\2905\1_19_cell_photo_cr.jpg
3,132,119,1_19_cell_photo_cr.jpg,360,360,C:\Users\Администратор\Desktop\ML\foto\1\2905\1_19_cell_photo_cr.jpg
4,175,180,1_19_cell_photo_cr.jpg,360,360,C:\Users\Администратор\Desktop\ML\foto\1\2905\1_19_cell_photo_cr.jpg
5,174,97,1_19_cell_photo_cr.jpg,360,360,C:\Users\Администратор\Desktop\ML\foto\1\2905\1_19_cell_photo_cr.jpg
6,240,9,1_19_cell_photo_cr.jpg,360,360,C:\Users\Администратор\Desktop\ML\foto\1\2905\1_19_cell_photo_cr.jpg
1,188,145,1_20_cell_photo_cr.jpg,360,360,C:\Users\Администратор\Desktop\ML\foto\1\2905\1_20_cell_photo_cr.jpg
2,177,193,1_20_cell_photo_cr.jpg,360,360,C:\Users\Администратор\Desktop\ML\foto\1\2905\1_20_cell_photo_cr.jpg
3,337,167,1_20_cell_photo_cr.jpg,360,360,C:\Users\Администратор\Desktop\ML\foto\1\2905\1_20_cell_photo_cr.jpg
4,53,49,1_20_cell_photo_cr.jpg,360,360,C:\Users\Администратор\Desktop\ML\foto\1\2905\1_20_cell_photo_cr.jpg
1,158,222,1_21_cell_photo_cr.jpg,360,360,C:\Users\Администратор\Desktop\ML\foto\1\2905\1_21_cell_photo_cr.jpg
2,165,188,1_21_cell_photo_cr.jpg,360,360,C:\Users\Администратор\Desktop\ML\foto\1\2905\1_21_cell_photo_cr.jpg
3,305,275,1_21_cell_photo_cr.jpg,360,360,C:\Users\Администратор\Desktop\ML\foto\1\2905\1_21_cell_photo_cr.jpg
1,193,172,1_22_cell_photo_cr.jpg,360,360,C:\Users\Администратор\Desktop\ML\foto\1\2905\1_22_cell_photo_cr.jpg
2,99,173,1_22_cell_photo_cr.jpg,360,360,C:\Users\Администратор\Desktop\ML\foto\1\2905\1_22_cell_photo_cr.jpg
3,45,324,1_22_cell_photo_cr.jpg,360,360,C:\Users\Администратор\Desktop\ML\foto\1\2905\1_22_cell_photo_cr.jpg
4,143,13,1_22_cell_photo_cr.jpg,360,360,C:\Users\Администратор\Desktop\ML\foto\1\2905\1_22_cell_photo_cr.jpg
5,267,108,1_22_cell_photo_cr.jpg,360,360,C:\Users\Администратор\Desktop\ML\foto\1\2905\1_22_cell_photo_cr.jpg
6,248,193,1_22_cell_photo_cr.jpg,360,360,C:\Users\Администратор\Desktop\ML\foto\1\2905\1_22_cell_photo_cr.jpg
7,351,147,1_22_cell_photo_cr.jpg,360,360,C:\Users\Администратор\Desktop\ML\foto\1\2905\1_22_cell_photo_cr.jpg
1,158,162,1_23_cell_photo_cr.jpg,360,360,C:\Users\Администратор\Desktop\ML\foto\1\2905\1_23_cell_photo_cr.jpg
2,200,133,1_23_cell_photo_cr.jpg,360,360,C:\Users\Администратор\Desktop\ML\foto\1\2905\1_23_cell_photo_cr.jpg
3,248,162,1_23_cell_photo_cr.jpg,360,360,C:\Users\Администратор\Desktop\ML\foto\1\2905\1_23_cell_photo_cr.jpg
4,113,139,1_23_cell_photo_cr.jpg,360,360,C:\Users\Администратор\Desktop\ML\foto\1\2905\1_23_cell_photo_cr.jpg
1,158,126,1_24_cell_photo_cr.jpg,360,360,C:\Users\Администратор\Desktop\ML\foto\1\2905\1_24_cell_photo_cr.jpg
2,195,91,1_24_cell_photo_cr.jpg,360,360,C:\Users\Администратор\Desktop\ML\foto\1\2905\1_24_cell_photo_cr.jpg
3,131,57,1_24_cell_photo_cr.jpg,360,360,C:\Users\Администратор\Desktop\ML\foto\1\2905\1_24_cell_photo_cr.jpg
1,168,94,1_25_cell_photo_cr.jpg,360,360,C:\Users\Администратор\Desktop\ML\foto\1\2905\1_25_cell_photo_cr.jpg
2,5,119,1_25_cell_photo_cr.jpg,360,360,C:\Users\Администратор\Desktop\ML\foto\1\2905\1_25_cell_photo_cr.jpg
3,310,39,1_25_cell_photo_cr.jpg,360,360,C:\Users\Администратор\Desktop\ML\foto\1\2905\1_25_cell_photo_cr.jpg
4,244,227,1_25_cell_photo_cr.jpg,360,360,C:\Users\Администратор\Desktop\ML\foto\1\2905\1_25_cell_photo_cr.jpg
5,108,289,1_25_cell_photo_cr.jpg,360,360,C:\Users\Администратор\Desktop\ML\foto\1\2905\1_25_cell_photo_cr.jpg
6,208,359,1_25_cell_photo_cr.jpg,360,360,C:\Users\Администратор\Desktop\ML\foto\1\2905\1_25_cell_photo_cr.jpg
1,178,133,1_26_cell_photo_cr.jpg,360,360,C:\Users\Администратор\Desktop\ML\foto\1\2905\1_26_cell_photo_cr.jpg
2,155,243,1_26_cell_photo_cr.jpg,360,360,C:\Users\Администратор\Desktop\ML\foto\1\2905\1_26_cell_photo_cr.jpg
3,296,332,1_26_cell_photo_cr.jpg,360,360,C:\Users\Администратор\Desktop\ML\foto\1\2905\1_26_cell_photo_cr.jpg
4,198,168,1_26_cell_photo_cr.jpg,360,360,C:\Users\Администратор\Desktop\ML\foto\1\2905\1_26_cell_photo_cr.jpg
5,155,114,1_26_cell_photo_cr.jpg,360,360,C:\Users\Администратор\Desktop\ML\foto\1\2905\1_26_cell_photo_cr.jpg
6,112,5,1_26_cell_photo_cr.jpg,360,360,C:\Users\Администратор\Desktop\ML\foto\1\2905\1_26_cell_photo_cr.jpg
1,191,160,1_27_cell_photo_cr.jpg,360,360,C:\Users\Администратор\Desktop\ML\foto\1\2905\1_27_cell_photo_cr.jpg
2,255,147,1_27_cell_photo_cr.jpg,360,360,C:\Users\Администратор\Desktop\ML\foto\1\2905\1_27_cell_photo_cr.jpg
3,192,200,1_27_cell_photo_cr.jpg,360,360,C:\Users\Администратор\Desktop\ML\foto\1\2905\1_27_cell_photo_cr.jpg
4,206,95,1_27_cell_photo_cr.jpg,360,360,C:\Users\Администратор\Desktop\ML\foto\1\2905\1_27_cell_photo_cr.jpg
5,163,4,1_27_cell_photo_cr.jpg,360,360,C:\Users\Администратор\Desktop\ML\foto\1\2905\1_27_cell_photo_cr.jpg
6,320,344,1_27_cell_photo_cr.jpg,360,360,C:\Users\Администратор\Desktop\ML\foto\1\2905\1_27_cell_photo_cr.jpg
7,97,232,1_27_cell_photo_cr.jpg,360,360,C:\Users\Администратор\Desktop\ML\foto\1\2905\1_27_cell_photo_cr.jpg
8,10,136,1_27_cell_photo_cr.jpg,360,360,C:\Users\Администратор\Desktop\ML\foto\1\2905\1_27_cell_photo_cr.jpg
1,275,199,1_28_cell_photo_cr.jpg,360,360,C:\Users\Администратор\Desktop\ML\foto\1\2905\1_28_cell_photo_cr.jpg
2,253,5,1_28_cell_photo_cr.jpg,360,360,C:\Users\Администратор\Desktop\ML\foto\1\2905\1_28_cell_photo_cr.jpg
3,107,112,1_28_cell_photo_cr.jpg,360,360,C:\Users\Администратор\Desktop\ML\foto\1\2905\1_28_cell_photo_cr.jpg
4,15,216,1_28_cell_photo_cr.jpg,360,360,C:\Users\Администратор\Desktop\ML\foto\1\2905\1_28_cell_photo_cr.jpg
5,57,230,1_28_cell_photo_cr.jpg,360,360,C:\Users\Администратор\Desktop\ML\foto\1\2905\1_28_cell_photo_cr.jpg
6,258,352,1_28_cell_photo_cr.jpg,360,360,C:\Users\Администратор\Desktop\ML\foto\1\2905\1_28_cell_photo_cr.jpg
1,184,197,1_29_cell_photo_cr.jpg,360,360,C:\Users\Администратор\Desktop\ML\foto\1\2905\1_29_cell_photo_cr.jpg
1,198,170,1_30_cell_photo_cr.jpg,360,360,C:\Users\Администратор\Desktop\ML\foto\1\2905\1_30_cell_photo_cr.jpg
1,148,175,1_31_cell_photo_cr.jpg,360,360,C:\Users\Администратор\Desktop\ML\foto\1\2905\1_31_cell_photo_cr.jpg
2,5,34,1_31_cell_photo_cr.jpg,360,360,C:\Users\Администратор\Desktop\ML\foto\1\2905\1_31_cell_photo_cr.jpg
3,205,356,1_31_cell_photo_cr.jpg,360,360,C:\Users\Администратор\Desktop\ML\foto\1\2905\1_31_cell_photo_cr.jpg
1,145,215,1_32_cell_photo_cr.jpg,360,360,C:\Users\Администратор\Desktop\ML\foto\1\2905\1_32_cell_photo_cr.jpg
2,125,164,1_32_cell_photo_cr.jpg,360,360,C:\Users\Администратор\Desktop\ML\foto\1\2905\1_32_cell_photo_cr.jpg
3,101,188,1_32_cell_photo_cr.jpg,360,360,C:\Users\Администратор\Desktop\ML\foto\1\2905\1_32_cell_photo_cr.jpg
4,62,225,1_32_cell_photo_cr.jpg,360,360,C:\Users\Администратор\Desktop\ML\foto\1\2905\1_32_cell_photo_cr.jpg
5,106,251,1_32_cell_photo_cr.jpg,360,360,C:\Users\Администратор\Desktop\ML\foto\1\2905\1_32_cell_photo_cr.jpg
6,180,292,1_32_cell_photo_cr.jpg,360,360,C:\Users\Администратор\Desktop\ML\foto\1\2905\1_32_cell_photo_cr.jpg
1,175,147,1_33_cell_photo_cr.jpg,360,360,C:\Users\Администратор\Desktop\ML\foto\1\2905\1_33_cell_photo_cr.jpg
2,173,227,1_33_cell_photo_cr.jpg,360,360,C:\Users\Администратор\Desktop\ML\foto\1\2905\1_33_cell_photo_cr.jpg
3,204,187,1_33_cell_photo_cr.jpg,360,360,C:\Users\Администратор\Desktop\ML\foto\1\2905\1_33_cell_photo_cr.jpg
4,320,49,1_33_cell_photo_cr.jpg,360,360,C:\Users\Администратор\Desktop\ML\foto\1\2905\1_33_cell_photo_cr.jpg
5,7,157,1_33_cell_photo_cr.jpg,360,360,C:\Users\Администратор\Desktop\ML\foto\1\2905\1_33_cell_photo_cr.jpg
1,206,160,1_34_cell_photo_cr.jpg,360,360,C:\Users\Администратор\Desktop\ML\foto\1\2905\1_34_cell_photo_cr.jpg
2,226,89,1_34_cell_photo_cr.jpg,360,360,C:\Users\Администратор\Desktop\ML\foto\1\2905\1_34_cell_photo_cr.jpg
3,303,106,1_34_cell_photo_cr.jpg,360,360,C:\Users\Администратор\Desktop\ML\foto\1\2905\1_34_cell_photo_cr.jpg
4,133,115,1_34_cell_photo_cr.jpg,360,360,C:\Users\Администратор\Desktop\ML\foto\1\2905\1_34_cell_photo_cr.jpg
5,105,254,1_34_cell_photo_cr.jpg,360,360,C:\Users\Администратор\Desktop\ML\foto\1\2905\1_34_cell_photo_cr.jpg
1,171,164,1_35_cell_photo_cr.jpg,360,360,C:\Users\Администратор\Desktop\ML\foto\1\2905\1_35_cell_photo_cr.jpg
1,168,197,1_36_cell_photo_cr.jpg,360,360,C:\Users\Администратор\Desktop\ML\foto\1\2905\1_36_cell_photo_cr.jpg
2,102,209,1_36_cell_photo_cr.jpg,360,360,C:\Users\Администратор\Desktop\ML\foto\1\2905\1_36_cell_photo_cr.jpg
3,2,94,1_36_cell_photo_cr.jpg,360,360,C:\Users\Администратор\Desktop\ML\foto\1\2905\1_36_cell_photo_cr.jpg
4,353,246,1_36_cell_photo_cr.jpg,360,360,C:\Users\Администратор\Desktop\ML\foto\1\2905\1_36_cell_photo_cr.jpg
5,319,83,1_36_cell_photo_cr.jpg,360,360,C:\Users\Администратор\Desktop\ML\foto\1\2905\1_36_cell_photo_cr.jpg
6,228,6,1_36_cell_photo_cr.jpg,360,360,C:\Users\Администратор\Desktop\ML\foto\1\2905\1_36_cell_photo_cr.jpg
7,153,21,1_36_cell_photo_cr.jpg,360,360,C:\Users\Администратор\Desktop\ML\foto\1\2905\1_36_cell_photo_cr.jpg
1,197,182,1_37_cell_photo_cr.jpg,360,360,C:\Users\Администратор\Desktop\ML\foto\1\2905\1_37_cell_photo_cr.jpg
2,173,326,1_37_cell_photo_cr.jpg,360,360,C:\Users\Администратор\Desktop\ML\foto\1\2905\1_37_cell_photo_cr.jpg
3,272,200,1_37_cell_photo_cr.jpg,360,360,C:\Users\Администратор\Desktop\ML\foto\1\2905\1_37_cell_photo_cr.jpg
4,353,184,1_37_cell_photo_cr.jpg,360,360,C:\Users\Администратор\Desktop\ML\foto\1\2905\1_37_cell_photo_cr.jpg
5,254,106,1_37_cell_photo_cr.jpg,360,360,C:\Users\Администратор\Desktop\ML\foto\1\2905\1_37_cell_photo_cr.jpg
6,94,89,1_37_cell_photo_cr.jpg,360,360,C:\Users\Администратор\Desktop\ML\foto\1\2905\1_37_cell_photo_cr.jpg
7,152,6,1_37_cell_photo_cr.jpg,360,360,C:\Users\Администратор\Desktop\ML\foto\1\2905\1_37_cell_photo_cr.jpg
8,4,207,1_37_cell_photo_cr.jpg,360,360,C:\Users\Администратор\Desktop\ML\foto\1\2905\1_37_cell_photo_cr.jpg
9,143,257,1_37_cell_photo_cr.jpg,360,360,C:\Users\Администратор\Desktop\ML\foto\1\2905\1_37_cell_photo_cr.jpg
1,169,180,1_38_cell_photo_cr.jpg,360,360,C:\Users\Администратор\Desktop\ML\foto\1\2905\1_38_cell_photo_cr.jpg
2,221,78,1_38_cell_photo_cr.jpg,360,360,C:\Users\Администратор\Desktop\ML\foto\1\2905\1_38_cell_photo_cr.jpg
3,164,265,1_38_cell_photo_cr.jpg,360,360,C:\Users\Администратор\Desktop\ML\foto\1\2905\1_38_cell_photo_cr.jpg
1,175,162,1_39_cell_photo_cr.jpg,360,360,C:\Users\Администратор\Desktop\ML\foto\1\2905\1_39_cell_photo_cr.jpg
1,204,157,1_40_cell_photo_cr.jpg,360,360,C:\Users\Администратор\Desktop\ML\foto\1\2905\1_40_cell_photo_cr.jpg
2,218,8,1_40_cell_photo_cr.jpg,360,360,C:\Users\Администратор\Desktop\ML\foto\1\2905\1_40_cell_photo_cr.jpg
3,20,230,1_40_cell_photo_cr.jpg,360,360,C:\Users\Администратор\Desktop\ML\foto\1\2905\1_40_cell_photo_cr.jpg
4,81,163,1_40_cell_photo_cr.jpg,360,360,C:\Users\Администратор\Desktop\ML\foto\1\2905\1_40_cell_photo_cr.jpg
5,169,141,1_40_cell_photo_cr.jpg,360,360,C:\Users\Администратор\Desktop\ML\foto\1\2905\1_40_cell_photo_cr.jpg
6,187,220,1_40_cell_photo_cr.jpg,360,360,C:\Users\Администратор\Desktop\ML\foto\1\2905\1_40_cell_photo_cr.jpg
7,265,349,1_40_cell_photo_cr.jpg,360,360,C:\Users\Администратор\Desktop\ML\foto\1\2905\1_40_cell_photo_cr.jpg
1,241,141,1_41_cell_photo_cr.jpg,360,360,C:\Users\Администратор\Desktop\ML\foto\1\2905\1_41_cell_photo_cr.jpg
2,203,54,1_41_cell_photo_cr.jpg,360,360,C:\Users\Администратор\Desktop\ML\foto\1\2905\1_41_cell_photo_cr.jpg
3,71,36,1_41_cell_photo_cr.jpg,360,360,C:\Users\Администратор\Desktop\ML\foto\1\2905\1_41_cell_photo_cr.jpg
4,107,165,1_41_cell_photo_cr.jpg,360,360,C:\Users\Администратор\Desktop\ML\foto\1\2905\1_41_cell_photo_cr.jpg
5,62,266,1_41_cell_photo_cr.jpg,360,360,C:\Users\Администратор\Desktop\ML\foto\1\2905\1_41_cell_photo_cr.jpg
6,137,257,1_41_cell_photo_cr.jpg,360,360,C:\Users\Администратор\Desktop\ML\foto\1\2905\1_41_cell_photo_cr.jpg
7,287,354,1_41_cell_photo_cr.jpg,360,360,C:\Users\Администратор\Desktop\ML\foto\1\2905\1_41_cell_photo_cr.jpg
1,153,181,1_42_cell_photo_cr.jpg,360,360,C:\Users\Администратор\Desktop\ML\foto\1\2905\1_42_cell_photo_cr.jpg
2,338,3,1_42_cell_photo_cr.jpg,360,360,C:\Users\Администратор\Desktop\ML\foto\1\2905\1_42_cell_photo_cr.jpg
3,47,143,1_42_cell_photo_cr.jpg,360,360,C:\Users\Администратор\Desktop\ML\foto\1\2905\1_42_cell_photo_cr.jpg
4,209,200,1_42_cell_photo_cr.jpg,360,360,C:\Users\Администратор\Desktop\ML\foto\1\2905\1_42_cell_photo_cr.jpg
5,245,344,1_42_cell_photo_cr.jpg,360,360,C:\Users\Администратор\Desktop\ML\foto\1\2905\1_42_cell_photo_cr.jpg
6,33,354,1_42_cell_photo_cr.jpg,360,360,C:\Users\Администратор\Desktop\ML\foto\1\2905\1_42_cell_photo_cr.jpg
1,145,207,1_43_cell_photo_cr.jpg,360,360,C:\Users\Администратор\Desktop\ML\foto\1\2905\1_43_cell_photo_cr.jpg
2,175,257,1_43_cell_photo_cr.jpg,360,360,C:\Users\Администратор\Desktop\ML\foto\1\2905\1_43_cell_photo_cr.jpg
3,337,163,1_43_cell_photo_cr.jpg,360,360,C:\Users\Администратор\Desktop\ML\foto\1\2905\1_43_cell_photo_cr.jpg
4,8,272,1_43_cell_photo_cr.jpg,360,360,C:\Users\Администратор\Desktop\ML\foto\1\2905\1_43_cell_photo_cr.jpg
5,99,226,1_43_cell_photo_cr.jpg,360,360,C:\Users\Администратор\Desktop\ML\foto\1\2905\1_43_cell_photo_cr.jpg
6,17,155,1_43_cell_photo_cr.jpg,360,360,C:\Users\Администратор\Desktop\ML\foto\1\2905\1_43_cell_photo_cr.jpg
7,45,126,1_43_cell_photo_cr.jpg,360,360,C:\Users\Администратор\Desktop\ML\foto\1\2905\1_43_cell_photo_cr.jpg
8,31,186,1_43_cell_photo_cr.jpg,360,360,C:\Users\Администратор\Desktop\ML\foto\1\2905\1_43_cell_photo_cr.jpg
1,181,160,1_44_cell_photo_cr.jpg,360,360,C:\Users\Администратор\Desktop\ML\foto\1\2905\1_44_cell_photo_cr.jpg
2,232,71,1_44_cell_photo_cr.jpg,360,360,C:\Users\Администратор\Desktop\ML\foto\1\2905\1_44_cell_photo_cr.jpg
3,10,64,1_44_cell_photo_cr.jpg,360,360,C:\Users\Администратор\Desktop\ML\foto\1\2905\1_44_cell_photo_cr.jpg
4,128,190,1_44_cell_photo_cr.jpg,360,360,C:\Users\Администратор\Desktop\ML\foto\1\2905\1_44_cell_photo_cr.jpg
5,303,336,1_44_cell_photo_cr.jpg,360,360,C:\Users\Администратор\Desktop\ML\foto\1\2905\1_44_cell_photo_cr.jpg
6,243,174,1_44_cell_photo_cr.jpg,360,360,C:\Users\Администратор\Desktop\ML\foto\1\2905\1_44_cell_photo_cr.jpg
1,184,167,1_45_cell_photo_cr.jpg,360,360,C:\Users\Администратор\Desktop\ML\foto\1\2905\1_45_cell_photo_cr.jpg
1,181,182,1_46_cell_photo_cr.jpg,360,360,C:\Users\Администратор\Desktop\ML\foto\1\2905\1_46_cell_photo_cr.jpg
1,158,142,1_47_cell_photo_cr.jpg,360,360,C:\Users\Администратор\Desktop\ML\foto\1\2905\1_47_cell_photo_cr.jpg
2,35,270,1_47_cell_photo_cr.jpg,360,360,C:\Users\Администратор\Desktop\ML\foto\1\2905\1_47_cell_photo_cr.jpg
3,91,349,1_47_cell_photo_cr.jpg,360,360,C:\Users\Администратор\Desktop\ML\foto\1\2905\1_47_cell_photo_cr.jpg
4,57,143,1_47_cell_photo_cr.jpg,360,360,C:\Users\Администратор\Desktop\ML\foto\1\2905\1_47_cell_photo_cr.jpg
5,130,209,1_47_cell_photo_cr.jpg,360,360,C:\Users\Администратор\Desktop\ML\foto\1\2905\1_47_cell_photo_cr.jpg
6,298,319,1_47_cell_photo_cr.jpg,360,360,C:\Users\Администратор\Desktop\ML\foto\1\2905\1_47_cell_photo_cr.jpg
7,245,265,1_47_cell_photo_cr.jpg,360,360,C:\Users\Администратор\Desktop\ML\foto\1\2905\1_47_cell_photo_cr.jpg
8,281,224,1_47_cell_photo_cr.jpg,360,360,C:\Users\Администратор\Desktop\ML\foto\1\2905\1_47_cell_photo_cr.jpg
9,250,132,1_47_cell_photo_cr.jpg,360,360,C:\Users\Администратор\Desktop\ML\foto\1\2905\1_47_cell_photo_cr.jpg
10,278,6,1_47_cell_photo_cr.jpg,360,360,C:\Users\Администратор\Desktop\ML\foto\1\2905\1_47_cell_photo_cr.jpg
1,159,179,1_48_cell_photo_cr.jpg,360,360,C:\Users\Администратор\Desktop\ML\foto\1\2905\1_48_cell_photo_cr.jpg
1,144,161,1_49_cell_photo_cr.jpg,360,360,C:\Users\Администратор\Desktop\ML\foto\1\2905\1_49_cell_photo_cr.jpg
2,200,355,1_49_cell_photo_cr.jpg,360,360,C:\Users\Администратор\Desktop\ML\foto\1\2905\1_49_cell_photo_cr.jpg
3,128,6,1_49_cell_photo_cr.jpg,360,360,C:\Users\Администратор\Desktop\ML\foto\1\2905\1_49_cell_photo_cr.jpg
1,203,139,1_50_cell_photo_cr.jpg,360,360,C:\Users\Администратор\Desktop\ML\foto\1\2905\1_50_cell_photo_cr.jpg
2,250,106,1_50_cell_photo_cr.jpg,360,360,C:\Users\Администратор\Desktop\ML\foto\1\2905\1_50_cell_photo_cr.jpg
3,349,49,1_50_cell_photo_cr.jpg,360,360,C:\Users\Администратор\Desktop\ML\foto\1\2905\1_50_cell_photo_cr.jpg
4,109,294,1_50_cell_photo_cr.jpg,360,360,C:\Users\Администратор\Desktop\ML\foto\1\2905\1_50_cell_photo_cr.jpg
